0 0.6865234375 0.3779296875 0.119140625 0.1298828125
0 0.302734375 0.505859375 0.1650390625 0.1005859375
0 0.19921875 0.7060546875 0.1298828125 0.119140625
0 0.4150390625 0.6064453125 0.158203125 0.0732421875
0 0.6025390625 0.6748046875 0.1123046875 0.0888671875
0 0.654296875 0.58984375 0.1162109375 0.0615234375
0 0.666015625 0.51953125 0.138671875 0.083984375
0 0.8046875 0.4716796875 0.15625 0.0888671875
1 0.482421875 0.4111328125 0.1572265625 0.111328125
1 0.4765625 0.71875 0.1103515625 0.0966796875
1 0.7900390625 0.615234375 0.1494140625 0.083984375