0 0.2412109375 0.4853515625 0.1767578125 0.0927734375
0 0.1796875 0.693359375 0.220703125 0.1142578125
0 0.373046875 0.58203125 0.138671875 0.0869140625
0 0.6015625 0.6455078125 0.16015625 0.0908203125
0 0.6357421875 0.4794921875 0.150390625 0.1181640625
0 0.67578125 0.3203125 0.1298828125 0.1025390625
0 0.8037109375 0.4404296875 0.1376953125 0.1083984375
0 0.689453125 0.787109375 0.1513671875 0.109375
1 0.7841796875 0.58203125 0.138671875 0.0771484375
1 0.4453125 0.7041015625 0.08984375 0.0869140625
1 0.416015625 0.3671875 0.1416015625 0.095703125