0 0.6650390625 0.306640625 0.1689453125 0.115234375
0 0.22265625 0.4755859375 0.2021484375 0.0966796875
0 0.1328125 0.7138671875 0.140625 0.1005859375
0 0.5703125 0.658203125 0.1630859375 0.0869140625
0 0.345703125 0.5869140625 0.1181640625 0.083984375
0 0.650390625 0.4873046875 0.12890625 0.123046875
0 0.82421875 0.419921875 0.1435546875 0.1181640625
0 0.6748046875 0.8076171875 0.11328125 0.11328125
1 0.4296875 0.71875 0.1220703125 0.103515625
1 0.4091796875 0.359375 0.1474609375 0.0859375
1 0.76953125 0.5908203125 0.1455078125 0.115234375