0 0.283203125 0.3076171875 0.0751953125 0.052734375
0 0.3701171875 0.3173828125 0.0546875 0.0390625
0 0.486328125 0.361328125 0.0625 0.0498046875
0 0.5751953125 0.306640625 0.0595703125 0.0546875
0 0.671875 0.294921875 0.068359375 0.0458984375
0 0.724609375 0.3369140625 0.056640625 0.0439453125
0 0.8271484375 0.388671875 0.0625 0.0576171875
0 0.7451171875 0.4150390625 0.06640625 0.044921875
0 0.6494140625 0.4267578125 0.0693359375 0.0537109375
0 0.580078125 0.404296875 0.056640625 0.05078125
0 0.5390625 0.453125 0.0517578125 0.037109375
0 0.55859375 0.48828125 0.048828125 0.041015625
0 0.697265625 0.484375 0.052734375 0.0439453125
0 0.783203125 0.4609375 0.0517578125 0.0419921875
0 0.853515625 0.4736328125 0.05078125 0.0419921875
0 0.94140625 0.5205078125 0.05859375 0.05078125
0 0.818359375 0.5634765625 0.056640625 0.0537109375
0 0.6767578125 0.568359375 0.056640625 0.0517578125
0 0.5791015625 0.55078125 0.0654296875 0.046875
0 0.5361328125 0.5986328125 0.0634765625 0.0419921875
0 0.5205078125 0.6484375 0.0673828125 0.0498046875
0 0.6044921875 0.67578125 0.068359375 0.052734375
0 0.67578125 0.6572265625 0.056640625 0.04296875
0 0.6572265625 0.720703125 0.0576171875 0.0419921875
0 0.8681640625 0.6845703125 0.0634765625 0.046875
0 0.5341796875 0.7841796875 0.068359375 0.046875
0 0.455078125 0.69140625 0.0556640625 0.0498046875
0 0.3505859375 0.70703125 0.0625 0.0537109375
0 0.3203125 0.654296875 0.06640625 0.046875
0 0.337890625 0.6142578125 0.060546875 0.0341796875
0 0.3984375 0.6025390625 0.056640625 0.041015625
0 0.3603515625 0.564453125 0.0439453125 0.03125
0 0.30078125 0.5419921875 0.0625 0.044921875
0 0.3662109375 0.4990234375 0.0634765625 0.03515625
0 0.4638671875 0.4638671875 0.05859375 0.0478515625
0 0.396484375 0.4130859375 0.06640625 0.044921875
0 0.1865234375 0.439453125 0.078125 0.0498046875
0 0.2490234375 0.359375 0.0673828125 0.046875
0 0.1142578125 0.37109375 0.087890625 0.052734375
0 0.1083984375 0.6162109375 0.076171875 0.048828125
0 0.1904296875 0.603515625 0.0751953125 0.0458984375
0 0.1552734375 0.662109375 0.056640625 0.046875
0 0.23046875 0.7509765625 0.052734375 0.05859375
0 0.1708984375 0.7958984375 0.0810546875 0.052734375
0 0.37890625 0.7939453125 0.0673828125 0.0732421875
1 0.3349609375 0.4150390625 0.04296875 0.0546875
1 0.1611328125 0.548828125 0.072265625 0.044921875
1 0.466796875 0.548828125 0.06640625 0.068359375
1 0.7392578125 0.59765625 0.0595703125 0.0390625
1 0.7646484375 0.658203125 0.0751953125 0.048828125