0 0.1982421875 0.48046875 0.1767578125 0.0927734375
0 0.107421875 0.705078125 0.146484375 0.087890625
0 0.3427734375 0.580078125 0.138671875 0.0869140625
0 0.5546875 0.642578125 0.16015625 0.0908203125
0 0.626953125 0.4814453125 0.1337890625 0.09765625
0 0.63671875 0.298828125 0.1298828125 0.1025390625
0 0.783203125 0.41796875 0.1376953125 0.1083984375
0 0.6650390625 0.80859375 0.1513671875 0.109375
1 0.759765625 0.5771484375 0.138671875 0.0771484375
1 0.4326171875 0.7021484375 0.08984375 0.0869140625
1 0.3935546875 0.369140625 0.1416015625 0.095703125