0 0.474609375 0.158203125 0.07421875 0.0654296875
0 0.556640625 0.1787109375 0.0673828125 0.0498046875
0 0.7255859375 0.1904296875 0.0810546875 0.060546875
0 0.349609375 0.2548828125 0.0869140625 0.0537109375
0 0.2607421875 0.3447265625 0.0732421875 0.0498046875
0 0.20703125 0.4638671875 0.0830078125 0.064453125
0 0.2236328125 0.6611328125 0.0908203125 0.072265625
0 0.3271484375 0.72265625 0.080078125 0.0712890625
0 0.4970703125 0.8388671875 0.0810546875 0.072265625
0 0.556640625 0.6494140625 0.0888671875 0.0703125
0 0.720703125 0.642578125 0.0693359375 0.0615234375
0 0.845703125 0.6396484375 0.0859375 0.0556640625
0 0.8017578125 0.69140625 0.08203125 0.072265625
0 0.734375 0.546875 0.103515625 0.0712890625
0 0.5263671875 0.4228515625 0.080078125 0.076171875
0 0.6337890625 0.4580078125 0.08984375 0.0673828125
0 0.8359375 0.4501953125 0.072265625 0.0615234375
0 0.7705078125 0.3603515625 0.095703125 0.0576171875
0 0.921875 0.33984375 0.083984375 0.0703125
0 0.65234375 0.314453125 0.0859375 0.05078125
0 0.7138671875 0.2802734375 0.072265625 0.0546875
1 0.1845703125 0.302734375 0.0751953125 0.0595703125
1 0.2490234375 0.3955078125 0.1005859375 0.0556640625
1 0.5126953125 0.298828125 0.103515625 0.0595703125
1 0.396484375 0.470703125 0.103515625 0.0791015625
1 0.3349609375 0.5576171875 0.0859375 0.0771484375
1 0.5888671875 0.54296875 0.0908203125 0.0712890625
1 0.173828125 0.5361328125 0.0947265625 0.072265625
1 0.876953125 0.5380859375 0.0927734375 0.0556640625
1 0.14453125 0.7900390625 0.1025390625 0.0908203125