0 0.36328125 0.3251953125 0.0625 0.0537109375
0 0.2841796875 0.310546875 0.07421875 0.0556640625
0 0.248046875 0.3623046875 0.072265625 0.04296875
0 0.1181640625 0.37890625 0.091796875 0.0458984375
0 0.1845703125 0.4443359375 0.078125 0.04296875
0 0.4013671875 0.416015625 0.068359375 0.044921875
0 0.482421875 0.3662109375 0.0732421875 0.0458984375
0 0.5693359375 0.314453125 0.0791015625 0.0419921875
0 0.6669921875 0.2939453125 0.0537109375 0.04296875
0 0.728515625 0.33203125 0.052734375 0.0517578125
0 0.837890625 0.388671875 0.0595703125 0.05859375
0 0.7431640625 0.4169921875 0.056640625 0.04296875
0 0.6513671875 0.4287109375 0.0595703125 0.0556640625
0 0.5693359375 0.400390625 0.0712890625 0.05078125
0 0.54296875 0.4501953125 0.0458984375 0.0390625
0 0.5634765625 0.490234375 0.0556640625 0.044921875
0 0.7021484375 0.4814453125 0.0546875 0.048828125
0 0.7841796875 0.4619140625 0.048828125 0.037109375
0 0.865234375 0.4794921875 0.0732421875 0.0517578125
0 0.81640625 0.5654296875 0.0615234375 0.04296875
0 0.9345703125 0.521484375 0.056640625 0.0458984375
0 0.6767578125 0.564453125 0.0625 0.046875
0 0.580078125 0.5576171875 0.0654296875 0.0498046875
0 0.5380859375 0.6025390625 0.052734375 0.0439453125
0 0.521484375 0.650390625 0.068359375 0.041015625
0 0.45703125 0.6904296875 0.064453125 0.0478515625
0 0.5986328125 0.6748046875 0.05078125 0.0595703125
0 0.669921875 0.66015625 0.048828125 0.041015625
0 0.8681640625 0.685546875 0.0673828125 0.0576171875
0 0.6533203125 0.7177734375 0.0537109375 0.0556640625
0 0.5263671875 0.7822265625 0.0673828125 0.0537109375
0 0.3798828125 0.796875 0.08203125 0.05078125
0 0.2294921875 0.7490234375 0.0703125 0.05078125
0 0.16796875 0.7958984375 0.05859375 0.048828125
0 0.3525390625 0.7109375 0.072265625 0.044921875
0 0.322265625 0.6572265625 0.068359375 0.046875
0 0.337890625 0.6162109375 0.068359375 0.037109375
0 0.4013671875 0.6064453125 0.05859375 0.041015625
0 0.3623046875 0.564453125 0.0537109375 0.0341796875
0 0.294921875 0.546875 0.05859375 0.0546875
0 0.1904296875 0.6064453125 0.05859375 0.0419921875
0 0.16015625 0.662109375 0.06640625 0.0380859375
0 0.1083984375 0.615234375 0.0634765625 0.0400390625
0 0.3603515625 0.5009765625 0.048828125 0.0400390625
0 0.458984375 0.46875 0.060546875 0.048828125
1 0.3330078125 0.4130859375 0.0576171875 0.048828125
1 0.16796875 0.548828125 0.0771484375 0.0380859375
1 0.4580078125 0.5458984375 0.060546875 0.0556640625
1 0.7421875 0.599609375 0.0615234375 0.0439453125
1 0.7685546875 0.6552734375 0.0888671875 0.0458984375