0 0.5068359375 0.2158203125 0.0986328125 0.0908203125
0 0.3935546875 0.32421875 0.1279296875 0.0927734375
0 0.1865234375 0.3037109375 0.099609375 0.0673828125
0 0.560546875 0.3037109375 0.0986328125 0.0654296875
0 0.42578125 0.421875 0.099609375 0.06640625
0 0.244140625 0.4990234375 0.1044921875 0.0810546875
0 0.3740234375 0.5810546875 0.111328125 0.0986328125
0 0.5380859375 0.470703125 0.0810546875 0.06640625
0 0.6494140625 0.490234375 0.0986328125 0.103515625
0 0.0830078125 0.65625 0.12890625 0.0771484375
0 0.0810546875 0.5517578125 0.115234375 0.080078125
0 0.1220703125 0.7451171875 0.119140625 0.0712890625
0 0.291015625 0.75 0.07421875 0.0654296875
0 0.271484375 0.8251953125 0.138671875 0.0732421875
0 0.4482421875 0.765625 0.0830078125 0.083984375
0 0.5458984375 0.806640625 0.1083984375 0.0830078125
0 0.7705078125 0.7939453125 0.107421875 0.083984375
0 0.7353515625 0.8779296875 0.08203125 0.072265625
0 0.6533203125 0.9677734375 0.107421875 0.064453125
0 0.8876953125 0.85546875 0.09375 0.0751953125
0 0.93359375 0.6796875 0.1044921875 0.087890625
0 0.6220703125 0.7080078125 0.1044921875 0.068359375
0 0.849609375 0.3896484375 0.107421875 0.0869140625
0 0.6865234375 0.38671875 0.09375 0.0703125
0 0.8505859375 0.505859375 0.083984375 0.0849609375
0 0.939453125 0.5087890625 0.09765625 0.076171875
0 0.6748046875 0.6318359375 0.087890625 0.0595703125
1 0.515625 0.580078125 0.080078125 0.09375
1 0.19140625 0.3984375 0.0869140625 0.0498046875
1 0.484375 0.8818359375 0.0791015625 0.056640625