0 0.4755859375 0.1650390625 0.0615234375 0.0673828125
0 0.5693359375 0.185546875 0.080078125 0.0703125
0 0.7353515625 0.18359375 0.103515625 0.0615234375
0 0.7177734375 0.2822265625 0.1005859375 0.0517578125
0 0.6572265625 0.30859375 0.060546875 0.0556640625
0 0.765625 0.3544921875 0.0947265625 0.0625
0 0.9150390625 0.33984375 0.0869140625 0.0654296875
0 0.525390625 0.4189453125 0.0869140625 0.068359375
0 0.275390625 0.34375 0.072265625 0.0556640625
0 0.359375 0.255859375 0.08203125 0.056640625
0 0.2177734375 0.462890625 0.0830078125 0.0625
0 0.2373046875 0.6474609375 0.095703125 0.0703125
0 0.33984375 0.724609375 0.1005859375 0.08203125
0 0.552734375 0.6396484375 0.0927734375 0.06640625
0 0.501953125 0.826171875 0.08203125 0.07421875
0 0.7119140625 0.6318359375 0.0771484375 0.0673828125
0 0.71484375 0.5400390625 0.0927734375 0.068359375
0 0.634765625 0.4501953125 0.0849609375 0.056640625
0 0.822265625 0.4423828125 0.0791015625 0.0537109375
0 0.828125 0.6220703125 0.0703125 0.0537109375
0 0.7998046875 0.6796875 0.0771484375 0.068359375
1 0.203125 0.302734375 0.078125 0.052734375
1 0.5185546875 0.2998046875 0.0810546875 0.052734375
1 0.408203125 0.466796875 0.099609375 0.0791015625
1 0.345703125 0.544921875 0.0888671875 0.0576171875
1 0.173828125 0.525390625 0.0888671875 0.0712890625
1 0.263671875 0.3935546875 0.109375 0.0478515625
1 0.5966796875 0.5302734375 0.0908203125 0.0732421875
1 0.8642578125 0.521484375 0.103515625 0.064453125
1 0.16015625 0.783203125 0.0927734375 0.1083984375