0 0.22265625 0.46484375 0.134765625 0.08984375
0 0.1259765625 0.6962890625 0.1123046875 0.0869140625
0 0.5751953125 0.6416015625 0.1103515625 0.083984375
0 0.681640625 0.7939453125 0.09765625 0.0791015625
0 0.6640625 0.2861328125 0.091796875 0.083984375
0 0.6455078125 0.4716796875 0.1123046875 0.087890625
0 0.35546875 0.5732421875 0.083984375 0.06640625
0 0.810546875 0.4130859375 0.1015625 0.0732421875
1 0.4091796875 0.3447265625 0.109375 0.087890625
1 0.775390625 0.556640625 0.1220703125 0.076171875
1 0.4404296875 0.6962890625 0.0869140625 0.087890625