0 0.6630859375 0.287109375 0.1240234375 0.115234375
0 0.2138671875 0.4638671875 0.12890625 0.09765625
0 0.6455078125 0.4755859375 0.15234375 0.1005859375
0 0.80859375 0.421875 0.1240234375 0.1083984375
0 0.3583984375 0.572265625 0.119140625 0.0908203125
0 0.5791015625 0.640625 0.1376953125 0.103515625
0 0.697265625 0.7890625 0.14453125 0.1181640625
0 0.140625 0.6962890625 0.1484375 0.1318359375
1 0.4052734375 0.3583984375 0.14453125 0.1259765625
1 0.771484375 0.5673828125 0.123046875 0.08203125
1 0.451171875 0.69921875 0.1240234375 0.1064453125