0 0.4501953125 0.1181640625 0.083984375 0.0703125
0 0.5439453125 0.1337890625 0.076171875 0.060546875
0 0.71875 0.14453125 0.08984375 0.064453125
0 0.7060546875 0.25 0.0849609375 0.0458984375
0 0.64453125 0.279296875 0.080078125 0.0546875
0 0.76171875 0.3251953125 0.0927734375 0.06640625
0 0.919921875 0.3095703125 0.08984375 0.07421875
0 0.83203125 0.4208984375 0.0869140625 0.0693359375
0 0.62890625 0.431640625 0.09375 0.0625
0 0.50390625 0.388671875 0.0966796875 0.0625
0 0.2373046875 0.3115234375 0.0966796875 0.05859375
0 0.173828125 0.4365234375 0.0947265625 0.064453125
0 0.71875 0.5234375 0.099609375 0.068359375
0 0.701171875 0.6220703125 0.095703125 0.0556640625
0 0.830078125 0.6171875 0.07421875 0.05859375
0 0.7880859375 0.6748046875 0.103515625 0.0732421875
0 0.5322265625 0.62890625 0.111328125 0.0751953125
0 0.1943359375 0.6396484375 0.1044921875 0.0625
0 0.302734375 0.70703125 0.099609375 0.068359375
0 0.4775390625 0.8212890625 0.091796875 0.0693359375
0 0.33203125 0.21484375 0.0986328125 0.0732421875
1 0.1474609375 0.2646484375 0.1220703125 0.052734375
1 0.5029296875 0.271484375 0.1064453125 0.0595703125
1 0.21484375 0.37109375 0.099609375 0.0615234375
1 0.380859375 0.4443359375 0.1005859375 0.0703125
1 0.1298828125 0.509765625 0.0703125 0.078125
1 0.3154296875 0.5322265625 0.1064453125 0.068359375
1 0.5810546875 0.521484375 0.09375 0.0634765625
1 0.1025390625 0.77734375 0.0927734375 0.0830078125
1 0.8779296875 0.515625 0.095703125 0.0634765625