0 0.2080078125 0.4931640625 0.1767578125 0.0927734375
0 0.1171875 0.7119140625 0.146484375 0.087890625
0 0.3486328125 0.5869140625 0.138671875 0.0869140625
0 0.556640625 0.6474609375 0.16015625 0.0908203125
0 0.6005859375 0.4853515625 0.150390625 0.1181640625
0 0.6328125 0.3232421875 0.1298828125 0.1025390625
0 0.771484375 0.4404296875 0.1376953125 0.1083984375
0 0.642578125 0.8232421875 0.1513671875 0.109375
1 0.734375 0.5791015625 0.138671875 0.0771484375
1 0.404296875 0.708984375 0.08984375 0.0869140625
1 0.416015625 0.3671875 0.1416015625 0.095703125