0 0.4677734375 0.1640625 0.0810546875 0.0625
0 0.564453125 0.181640625 0.0830078125 0.056640625
0 0.72265625 0.181640625 0.08984375 0.0537109375
0 0.7109375 0.287109375 0.0732421875 0.04296875
0 0.662109375 0.3134765625 0.0712890625 0.05078125
0 0.7705078125 0.3544921875 0.083984375 0.0625
0 0.9189453125 0.3427734375 0.083984375 0.0595703125
0 0.533203125 0.423828125 0.091796875 0.0615234375
0 0.638671875 0.451171875 0.0830078125 0.0498046875
0 0.8291015625 0.447265625 0.0673828125 0.0546875
0 0.73046875 0.544921875 0.083984375 0.0576171875
0 0.556640625 0.6455078125 0.1015625 0.0634765625
0 0.71875 0.638671875 0.0869140625 0.0693359375
0 0.8369140625 0.634765625 0.080078125 0.05078125
0 0.806640625 0.6875 0.0849609375 0.060546875
0 0.5068359375 0.8369140625 0.0986328125 0.0673828125
0 0.236328125 0.6611328125 0.0927734375 0.0673828125
0 0.337890625 0.7265625 0.0966796875 0.076171875
0 0.2177734375 0.4638671875 0.0869140625 0.0693359375
0 0.263671875 0.3427734375 0.0712890625 0.048828125
1 0.51953125 0.302734375 0.1083984375 0.0673828125
1 0.19921875 0.298828125 0.076171875 0.0654296875
1 0.25 0.3974609375 0.1123046875 0.05078125
1 0.4052734375 0.4638671875 0.1015625 0.080078125
1 0.3359375 0.5517578125 0.0849609375 0.0576171875
1 0.6005859375 0.541015625 0.0869140625 0.0654296875
1 0.880859375 0.53515625 0.091796875 0.060546875
1 0.1787109375 0.5390625 0.0986328125 0.0869140625
1 0.1552734375 0.791015625 0.10546875 0.0947265625
0 0.359375 0.2568359375 0.087890625 0.0712890625