0 0.2861328125 0.314453125 0.072265625 0.0498046875
0 0.376953125 0.318359375 0.0615234375 0.0439453125
0 0.5673828125 0.3115234375 0.0751953125 0.060546875
0 0.6708984375 0.294921875 0.06640625 0.0556640625
0 0.7333984375 0.3310546875 0.0595703125 0.0556640625
0 0.8349609375 0.3916015625 0.0576171875 0.05078125
0 0.7509765625 0.4169921875 0.0576171875 0.041015625
0 0.6572265625 0.4296875 0.0673828125 0.048828125
0 0.5830078125 0.404296875 0.05859375 0.052734375
0 0.490234375 0.37109375 0.0712890625 0.0595703125
0 0.4033203125 0.41796875 0.0673828125 0.044921875
0 0.25390625 0.3662109375 0.0517578125 0.0458984375
0 0.1220703125 0.3759765625 0.0751953125 0.0615234375
0 0.19140625 0.4462890625 0.07421875 0.0478515625
0 0.3671875 0.5029296875 0.0625 0.048828125
0 0.4599609375 0.46875 0.0712890625 0.05859375
0 0.541015625 0.451171875 0.060546875 0.037109375
0 0.5625 0.4931640625 0.0576171875 0.0361328125
0 0.6962890625 0.4873046875 0.056640625 0.0458984375
0 0.7880859375 0.466796875 0.0458984375 0.048828125
0 0.8544921875 0.4736328125 0.0595703125 0.05078125
0 0.943359375 0.5283203125 0.064453125 0.0546875
0 0.826171875 0.57421875 0.0693359375 0.0517578125
0 0.6767578125 0.568359375 0.0556640625 0.044921875
0 0.583984375 0.5595703125 0.0693359375 0.0634765625
0 0.53515625 0.6025390625 0.044921875 0.0498046875
0 0.52734375 0.6533203125 0.0556640625 0.048828125
0 0.455078125 0.6923828125 0.078125 0.0546875
0 0.3544921875 0.7060546875 0.072265625 0.0458984375
0 0.322265625 0.6572265625 0.0537109375 0.0478515625
0 0.3359375 0.6123046875 0.0546875 0.0380859375
0 0.400390625 0.609375 0.052734375 0.0517578125
0 0.3623046875 0.5693359375 0.05859375 0.03515625
0 0.2998046875 0.548828125 0.0478515625 0.0361328125
0 0.1962890625 0.609375 0.05859375 0.0380859375
0 0.1572265625 0.6630859375 0.0625 0.0478515625
0 0.109375 0.6142578125 0.05859375 0.0400390625
0 0.23828125 0.75 0.052734375 0.052734375
0 0.37890625 0.798828125 0.0673828125 0.0537109375
0 0.53125 0.791015625 0.0615234375 0.0537109375
0 0.6591796875 0.7255859375 0.056640625 0.0478515625
0 0.6044921875 0.67578125 0.0673828125 0.044921875
0 0.6728515625 0.6630859375 0.048828125 0.0498046875
0 0.8720703125 0.69140625 0.0673828125 0.0458984375
0 0.16796875 0.798828125 0.060546875 0.05078125
1 0.4677734375 0.55078125 0.0693359375 0.052734375
1 0.3330078125 0.4189453125 0.0625 0.0458984375
1 0.1650390625 0.548828125 0.08203125 0.0478515625
1 0.7412109375 0.6005859375 0.05859375 0.0458984375
1 0.765625 0.6650390625 0.0654296875 0.05078125