0 0.4482421875 0.1123046875 0.0830078125 0.0732421875
0 0.56640625 0.13671875 0.119140625 0.0703125
0 0.7216796875 0.1474609375 0.0927734375 0.0771484375
0 0.322265625 0.21484375 0.0927734375 0.0576171875
0 0.712890625 0.2470703125 0.0791015625 0.05859375
0 0.6474609375 0.2744140625 0.0771484375 0.05078125
0 0.7646484375 0.322265625 0.0947265625 0.068359375
0 0.92578125 0.306640625 0.0947265625 0.072265625
0 0.5078125 0.3837890625 0.0908203125 0.0634765625
0 0.62890625 0.4248046875 0.0849609375 0.0751953125
0 0.8447265625 0.4228515625 0.0986328125 0.0615234375
0 0.720703125 0.5244140625 0.1279296875 0.087890625
0 0.552734375 0.6298828125 0.140625 0.0986328125
0 0.71484375 0.623046875 0.0830078125 0.0712890625
0 0.8388671875 0.6201171875 0.0869140625 0.0546875
0 0.79296875 0.6728515625 0.09375 0.0771484375
0 0.19921875 0.6416015625 0.0966796875 0.0810546875
0 0.2998046875 0.7119140625 0.1201171875 0.076171875
0 0.4853515625 0.8330078125 0.1240234375 0.076171875
0 0.1796875 0.431640625 0.103515625 0.0703125
0 0.2373046875 0.30859375 0.0966796875 0.0556640625
1 0.5078125 0.265625 0.095703125 0.0693359375
1 0.1611328125 0.255859375 0.0888671875 0.0703125
1 0.2255859375 0.3642578125 0.099609375 0.05078125
1 0.1328125 0.509765625 0.095703125 0.0732421875
1 0.3134765625 0.533203125 0.10546875 0.0673828125
1 0.3876953125 0.4482421875 0.0869140625 0.0595703125
1 0.583984375 0.5166015625 0.09375 0.0673828125
1 0.890625 0.517578125 0.0888671875 0.064453125
1 0.1083984375 0.775390625 0.083984375 0.0751953125