0 0.451171875 0.1201171875 0.0830078125 0.0751953125
0 0.5458984375 0.138671875 0.0712890625 0.060546875
0 0.7109375 0.142578125 0.1103515625 0.072265625
0 0.705078125 0.2509765625 0.076171875 0.052734375
0 0.640625 0.275390625 0.0732421875 0.064453125
0 0.76171875 0.32421875 0.087890625 0.072265625
0 0.91796875 0.3095703125 0.0810546875 0.0693359375
0 0.4990234375 0.3896484375 0.0791015625 0.072265625
0 0.626953125 0.4267578125 0.1064453125 0.06640625
0 0.826171875 0.4248046875 0.0654296875 0.0634765625
0 0.7138671875 0.5244140625 0.1025390625 0.0751953125
0 0.5322265625 0.623046875 0.1171875 0.0732421875
0 0.703125 0.6181640625 0.083984375 0.068359375
0 0.828125 0.6142578125 0.08984375 0.060546875
0 0.7919921875 0.6728515625 0.111328125 0.0703125
0 0.4765625 0.8193359375 0.09375 0.0771484375
0 0.3046875 0.71484375 0.111328125 0.0888671875
0 0.1904296875 0.6376953125 0.1005859375 0.0693359375
0 0.173828125 0.4365234375 0.095703125 0.06640625
0 0.2333984375 0.3076171875 0.08203125 0.0595703125
0 0.330078125 0.2216796875 0.09375 0.0654296875
1 0.1689453125 0.263671875 0.08984375 0.06640625
1 0.4951171875 0.263671875 0.107421875 0.0537109375
1 0.2119140625 0.3662109375 0.115234375 0.060546875
1 0.3798828125 0.4453125 0.1162109375 0.0703125
1 0.3251953125 0.53125 0.10546875 0.0634765625
1 0.1328125 0.513671875 0.076171875 0.0732421875
1 0.1005859375 0.77734375 0.107421875 0.0771484375
1 0.5810546875 0.5146484375 0.0849609375 0.06640625
1 0.8720703125 0.5126953125 0.1083984375 0.06640625