0 0.48828125 0.1982421875 0.0849609375 0.0654296875
0 0.5869140625 0.2197265625 0.095703125 0.0693359375
0 0.734375 0.2197265625 0.087890625 0.0556640625
0 0.716796875 0.3095703125 0.0810546875 0.0380859375
0 0.6787109375 0.3447265625 0.078125 0.05859375
0 0.7822265625 0.384765625 0.07421875 0.060546875
0 0.9306640625 0.36328125 0.072265625 0.07421875
0 0.5390625 0.447265625 0.0634765625 0.068359375
0 0.65234375 0.48046875 0.0947265625 0.0634765625
0 0.8486328125 0.4716796875 0.0712890625 0.0556640625
0 0.7568359375 0.5791015625 0.0927734375 0.0791015625
0 0.578125 0.677734375 0.107421875 0.087890625
0 0.7353515625 0.6728515625 0.087890625 0.0634765625
0 0.857421875 0.6640625 0.0771484375 0.05859375
0 0.8310546875 0.7255859375 0.0869140625 0.068359375
0 0.5224609375 0.876953125 0.0986328125 0.0732421875
0 0.353515625 0.76171875 0.08984375 0.0693359375
0 0.251953125 0.6953125 0.1123046875 0.072265625
0 0.240234375 0.49609375 0.0888671875 0.0712890625
0 0.287109375 0.376953125 0.0849609375 0.0634765625
0 0.375 0.2890625 0.0849609375 0.0712890625
1 0.21484375 0.326171875 0.1123046875 0.052734375
1 0.5224609375 0.32421875 0.111328125 0.0673828125
1 0.4111328125 0.4921875 0.1162109375 0.078125
1 0.26171875 0.4228515625 0.109375 0.05859375
1 0.1796875 0.556640625 0.0966796875 0.07421875
1 0.341796875 0.572265625 0.0888671875 0.060546875
1 0.6064453125 0.560546875 0.0927734375 0.0703125
1 0.880859375 0.55078125 0.10546875 0.0615234375
1 0.1494140625 0.8203125 0.099609375 0.0908203125