0 0.669921875 0.3046875 0.0634765625 0.046875
0 0.578125 0.3193359375 0.080078125 0.05859375
0 0.3798828125 0.330078125 0.072265625 0.03125
0 0.29296875 0.3173828125 0.0693359375 0.05078125
0 0.25390625 0.369140625 0.072265625 0.0458984375
0 0.1318359375 0.3837890625 0.076171875 0.0556640625
0 0.2041015625 0.45703125 0.076171875 0.0546875
0 0.4013671875 0.421875 0.0634765625 0.052734375
0 0.4853515625 0.3681640625 0.0673828125 0.05078125
0 0.7236328125 0.34375 0.064453125 0.048828125
0 0.8369140625 0.3935546875 0.0830078125 0.0654296875
0 0.5849609375 0.408203125 0.056640625 0.0498046875
0 0.7451171875 0.419921875 0.0546875 0.048828125
0 0.65625 0.4345703125 0.0673828125 0.0537109375
0 0.5439453125 0.4560546875 0.0712890625 0.033203125
0 0.4658203125 0.4765625 0.0634765625 0.0478515625
0 0.3720703125 0.5029296875 0.05859375 0.0361328125
0 0.3095703125 0.5517578125 0.05859375 0.046875
0 0.208984375 0.607421875 0.0634765625 0.044921875
0 0.12890625 0.6171875 0.072265625 0.0517578125
0 0.1767578125 0.6748046875 0.0771484375 0.060546875
0 0.33203125 0.66015625 0.0546875 0.04296875
0 0.248046875 0.751953125 0.060546875 0.046875
0 0.18359375 0.794921875 0.0732421875 0.041015625
0 0.3876953125 0.7978515625 0.078125 0.0546875
0 0.462890625 0.6904296875 0.0693359375 0.0556640625
0 0.3701171875 0.716796875 0.0849609375 0.0615234375
0 0.3720703125 0.5712890625 0.06640625 0.044921875
0 0.3408203125 0.6142578125 0.068359375 0.04296875
0 0.4091796875 0.6123046875 0.060546875 0.0361328125
0 0.56640625 0.4931640625 0.0654296875 0.0361328125
0 0.5869140625 0.5537109375 0.0732421875 0.0517578125
0 0.5439453125 0.6064453125 0.0556640625 0.046875
0 0.5361328125 0.6533203125 0.0595703125 0.0400390625
0 0.5302734375 0.7861328125 0.072265625 0.0537109375
0 0.60546875 0.6748046875 0.07421875 0.0498046875
0 0.666015625 0.7255859375 0.060546875 0.048828125
0 0.6787109375 0.6650390625 0.05859375 0.0458984375
0 0.787109375 0.4677734375 0.064453125 0.037109375
0 0.8583984375 0.478515625 0.056640625 0.046875
0 0.701171875 0.4931640625 0.068359375 0.0625
0 0.9384765625 0.5185546875 0.072265625 0.0556640625
0 0.8125 0.5693359375 0.0712890625 0.0458984375
0 0.6767578125 0.5673828125 0.0556640625 0.0498046875
1 0.341796875 0.427734375 0.0595703125 0.052734375
1 0.185546875 0.5478515625 0.0830078125 0.05078125
1 0.4677734375 0.5595703125 0.05859375 0.0771484375
1 0.7431640625 0.599609375 0.06640625 0.0341796875
1 0.759765625 0.66015625 0.0625 0.0439453125
0 0.8642578125 0.6796875 0.083984375 0.0517578125