0 0.66796875 0.302734375 0.1181640625 0.107421875
0 0.7978515625 0.4228515625 0.119140625 0.087890625
0 0.21484375 0.4765625 0.115234375 0.091796875
0 0.640625 0.4853515625 0.1318359375 0.109375
0 0.3525390625 0.5830078125 0.103515625 0.0751953125
0 0.5693359375 0.6494140625 0.115234375 0.0830078125
0 0.6806640625 0.80078125 0.12109375 0.1005859375
0 0.1142578125 0.708984375 0.130859375 0.1015625
1 0.400390625 0.353515625 0.125 0.091796875
1 0.77734375 0.5732421875 0.123046875 0.083984375
1 0.435546875 0.7119140625 0.09375 0.1005859375