0 0.24609375 0.4560546875 0.1455078125 0.09375
0 0.140625 0.6962890625 0.146484375 0.087890625
0 0.365234375 0.5732421875 0.138671875 0.0869140625
0 0.572265625 0.6376953125 0.1318359375 0.068359375
0 0.6806640625 0.4560546875 0.1025390625 0.0849609375
0 0.6484375 0.31640625 0.1298828125 0.1025390625
0 0.802734375 0.4375 0.1396484375 0.083984375
0 0.7373046875 0.6875 0.1513671875 0.109375
1 0.7568359375 0.5615234375 0.138671875 0.0771484375
1 0.4453125 0.6884765625 0.08984375 0.0869140625
1 0.4326171875 0.357421875 0.1416015625 0.095703125