0 0.2900390625 0.322265625 0.0673828125 0.052734375
0 0.37890625 0.3232421875 0.0615234375 0.0458984375
0 0.576171875 0.314453125 0.0791015625 0.0498046875
0 0.6728515625 0.2978515625 0.0556640625 0.0419921875
0 0.7314453125 0.337890625 0.056640625 0.0390625
0 0.8349609375 0.3935546875 0.0576171875 0.0419921875
0 0.486328125 0.37109375 0.0595703125 0.0380859375
0 0.583984375 0.41015625 0.05859375 0.04296875
0 0.6591796875 0.43359375 0.056640625 0.04296875
0 0.7490234375 0.423828125 0.0537109375 0.0380859375
0 0.7880859375 0.4658203125 0.046875 0.0380859375
0 0.859375 0.4814453125 0.0439453125 0.04296875
0 0.9404296875 0.521484375 0.0556640625 0.0478515625
0 0.7021484375 0.4921875 0.060546875 0.0390625
0 0.5625 0.4951171875 0.0556640625 0.037109375
0 0.5419921875 0.45703125 0.064453125 0.03515625
0 0.470703125 0.4736328125 0.0673828125 0.0361328125
0 0.40234375 0.4267578125 0.0625 0.0390625
0 0.3720703125 0.5048828125 0.0537109375 0.0439453125
0 0.3037109375 0.548828125 0.0546875 0.033203125
0 0.3759765625 0.568359375 0.0595703125 0.0390625
0 0.4111328125 0.615234375 0.0595703125 0.033203125
0 0.3408203125 0.6201171875 0.060546875 0.0400390625
0 0.541015625 0.6044921875 0.056640625 0.037109375
0 0.5341796875 0.658203125 0.0517578125 0.0400390625
0 0.609375 0.6806640625 0.0546875 0.0498046875
0 0.6748046875 0.666015625 0.05078125 0.0400390625
0 0.6728515625 0.572265625 0.0576171875 0.0341796875
0 0.583984375 0.55859375 0.072265625 0.0380859375
0 0.81640625 0.5712890625 0.0537109375 0.0380859375
0 0.8720703125 0.689453125 0.0576171875 0.041015625
0 0.5380859375 0.7861328125 0.060546875 0.04296875
0 0.46484375 0.697265625 0.056640625 0.0556640625
0 0.359375 0.7109375 0.048828125 0.052734375
0 0.3310546875 0.662109375 0.0556640625 0.0419921875
0 0.173828125 0.6689453125 0.0634765625 0.03515625
0 0.203125 0.6162109375 0.0537109375 0.03515625
0 0.119140625 0.6171875 0.0556640625 0.0439453125
0 0.240234375 0.7548828125 0.048828125 0.0517578125
0 0.177734375 0.8017578125 0.052734375 0.044921875
0 0.3876953125 0.802734375 0.0693359375 0.044921875
0 0.1962890625 0.4521484375 0.05859375 0.04296875
0 0.259765625 0.37109375 0.044921875 0.041015625
0 0.123046875 0.3818359375 0.0595703125 0.0517578125
0 0.658203125 0.7236328125 0.0537109375 0.04296875
1 0.3447265625 0.4267578125 0.048828125 0.0537109375
1 0.17578125 0.5595703125 0.0888671875 0.046875
1 0.46875 0.552734375 0.0537109375 0.0556640625
1 0.7451171875 0.6005859375 0.0634765625 0.041015625
1 0.7626953125 0.66015625 0.0634765625 0.04296875