0 0.2919921875 0.3134765625 0.0732421875 0.0537109375
0 0.3779296875 0.3203125 0.0615234375 0.0478515625
0 0.572265625 0.310546875 0.0888671875 0.0576171875
0 0.6708984375 0.29296875 0.0615234375 0.056640625
0 0.736328125 0.33984375 0.064453125 0.05078125
0 0.8427734375 0.3955078125 0.0703125 0.05078125
0 0.7509765625 0.419921875 0.056640625 0.046875
0 0.6611328125 0.4306640625 0.05859375 0.0537109375
0 0.5810546875 0.4033203125 0.068359375 0.0556640625
0 0.4892578125 0.369140625 0.0673828125 0.048828125
0 0.404296875 0.4189453125 0.0615234375 0.0498046875
0 0.26171875 0.3740234375 0.05859375 0.05859375
0 0.1240234375 0.3798828125 0.0810546875 0.05859375
0 0.1923828125 0.447265625 0.0595703125 0.0419921875
0 0.369140625 0.501953125 0.056640625 0.0361328125
0 0.4580078125 0.4658203125 0.0693359375 0.060546875
0 0.54296875 0.4521484375 0.06640625 0.0361328125
0 0.5634765625 0.4921875 0.05859375 0.0419921875
0 0.697265625 0.4912109375 0.064453125 0.0546875
0 0.7919921875 0.4677734375 0.0615234375 0.05078125
0 0.859375 0.478515625 0.0615234375 0.05078125
0 0.9423828125 0.5234375 0.0615234375 0.052734375
0 0.8251953125 0.568359375 0.0537109375 0.0458984375
0 0.6806640625 0.5703125 0.0498046875 0.04296875
0 0.59375 0.55859375 0.064453125 0.0478515625
0 0.548828125 0.6064453125 0.0693359375 0.0546875
0 0.5263671875 0.6591796875 0.064453125 0.0341796875
0 0.67578125 0.6650390625 0.0517578125 0.044921875
0 0.65234375 0.7275390625 0.0771484375 0.0546875
0 0.59765625 0.673828125 0.05078125 0.046875
0 0.876953125 0.7041015625 0.076171875 0.0712890625
0 0.541015625 0.7900390625 0.0703125 0.056640625
0 0.3857421875 0.8017578125 0.0693359375 0.0478515625
0 0.2431640625 0.7509765625 0.0615234375 0.0556640625
0 0.1689453125 0.7958984375 0.048828125 0.0478515625
0 0.36328125 0.7158203125 0.0546875 0.064453125
0 0.4638671875 0.6962890625 0.0634765625 0.05859375
0 0.3203125 0.6591796875 0.056640625 0.052734375
0 0.4033203125 0.6142578125 0.0517578125 0.0498046875
0 0.3408203125 0.6162109375 0.04296875 0.029296875
0 0.3544921875 0.5693359375 0.0517578125 0.0390625
0 0.30078125 0.548828125 0.0458984375 0.0380859375
0 0.2060546875 0.615234375 0.060546875 0.0390625
0 0.1640625 0.6650390625 0.078125 0.0419921875
0 0.12109375 0.6171875 0.0595703125 0.04296875
1 0.46875 0.546875 0.0712890625 0.056640625
1 0.1708984375 0.5517578125 0.0703125 0.04296875
1 0.7451171875 0.6015625 0.0712890625 0.0517578125
1 0.7705078125 0.66015625 0.06640625 0.0498046875
1 0.3388671875 0.4208984375 0.0556640625 0.048828125