0 0.3798828125 0.32421875 0.056640625 0.0400390625
0 0.2861328125 0.3193359375 0.06640625 0.052734375
0 0.5693359375 0.3115234375 0.0791015625 0.0654296875
0 0.6787109375 0.30078125 0.0576171875 0.048828125
0 0.736328125 0.33984375 0.0498046875 0.0498046875
0 0.84375 0.400390625 0.0517578125 0.060546875
0 0.2578125 0.3681640625 0.052734375 0.04296875
0 0.1220703125 0.3818359375 0.0751953125 0.0595703125
0 0.40625 0.423828125 0.0634765625 0.0478515625
0 0.201171875 0.453125 0.068359375 0.052734375
0 0.37109375 0.50390625 0.05078125 0.0400390625
0 0.46484375 0.478515625 0.060546875 0.0517578125
0 0.55078125 0.4599609375 0.048828125 0.0341796875
0 0.572265625 0.49609375 0.048828125 0.0390625
0 0.5869140625 0.4091796875 0.0576171875 0.046875
0 0.4892578125 0.3701171875 0.0654296875 0.0498046875
0 0.658203125 0.4345703125 0.064453125 0.0498046875
0 0.7548828125 0.4228515625 0.0625 0.0478515625
0 0.79296875 0.470703125 0.0517578125 0.046875
0 0.8642578125 0.482421875 0.0458984375 0.0439453125
0 0.3056640625 0.5517578125 0.0498046875 0.0400390625
0 0.3701171875 0.5751953125 0.056640625 0.0380859375
0 0.5439453125 0.6064453125 0.0615234375 0.0458984375
0 0.5869140625 0.5576171875 0.05859375 0.048828125
0 0.6845703125 0.5732421875 0.0517578125 0.046875
0 0.7080078125 0.4931640625 0.056640625 0.041015625
0 0.2001953125 0.615234375 0.056640625 0.0390625
0 0.1650390625 0.671875 0.06640625 0.048828125
0 0.123046875 0.623046875 0.0517578125 0.0419921875
0 0.328125 0.6669921875 0.0478515625 0.04296875
0 0.3447265625 0.6220703125 0.060546875 0.0380859375
0 0.41015625 0.6181640625 0.0546875 0.037109375
0 0.4638671875 0.6982421875 0.060546875 0.0537109375
0 0.3583984375 0.7158203125 0.064453125 0.04296875
0 0.2451171875 0.7587890625 0.068359375 0.05078125
0 0.171875 0.802734375 0.048828125 0.052734375
0 0.3876953125 0.8076171875 0.064453125 0.0517578125
0 0.5361328125 0.791015625 0.0576171875 0.056640625
0 0.67578125 0.7333984375 0.0693359375 0.0576171875
0 0.6123046875 0.6806640625 0.0537109375 0.0537109375
0 0.5341796875 0.6591796875 0.060546875 0.0498046875
0 0.6806640625 0.6650390625 0.05078125 0.046875
0 0.8759765625 0.689453125 0.0615234375 0.0498046875
0 0.826171875 0.5703125 0.06640625 0.0419921875
0 0.94921875 0.5263671875 0.0546875 0.0478515625
1 0.4697265625 0.5556640625 0.072265625 0.05859375
1 0.173828125 0.55859375 0.0888671875 0.046875
1 0.3427734375 0.4267578125 0.056640625 0.048828125
1 0.7705078125 0.6669921875 0.05859375 0.048828125
1 0.7509765625 0.6025390625 0.0654296875 0.0380859375