0 0.2236328125 0.4931640625 0.15625 0.123046875
0 0.107421875 0.7197265625 0.1689453125 0.0947265625
0 0.3623046875 0.6015625 0.107421875 0.083984375
0 0.5908203125 0.6640625 0.1318359375 0.068359375
0 0.6650390625 0.4853515625 0.146484375 0.11328125
0 0.6533203125 0.326171875 0.140625 0.1220703125
0 0.8193359375 0.4560546875 0.1279296875 0.1044921875
0 0.6064453125 0.58203125 0.1044921875 0.0712890625
1 0.7666015625 0.6083984375 0.1513671875 0.0869140625
1 0.4326171875 0.7275390625 0.08984375 0.0869140625
1 0.4248046875 0.3955078125 0.1416015625 0.095703125