0 0.6962890625 0.35546875 0.1748046875 0.109375
0 0.2919921875 0.4970703125 0.1533203125 0.125
0 0.1826171875 0.701171875 0.16015625 0.138671875
0 0.392578125 0.6123046875 0.1650390625 0.0732421875
0 0.5810546875 0.6640625 0.1201171875 0.09765625
0 0.6318359375 0.5859375 0.1103515625 0.0595703125
0 0.6455078125 0.509765625 0.1484375 0.0947265625
0 0.7998046875 0.46484375 0.13671875 0.111328125
1 0.4609375 0.3935546875 0.1669921875 0.0927734375
1 0.4755859375 0.708984375 0.095703125 0.095703125
1 0.7861328125 0.61328125 0.1318359375 0.0830078125