1 0.435546875 0.3486328125 0.134765625 0.1083984375
1 0.4619140625 0.6953125 0.0927734375 0.1005859375
1 0.7861328125 0.5634765625 0.1240234375 0.08203125
0 0.677734375 0.2861328125 0.130859375 0.1123046875
0 0.23828125 0.45703125 0.1337890625 0.1162109375
0 0.375 0.572265625 0.1044921875 0.08203125
0 0.66015625 0.4716796875 0.1220703125 0.107421875
0 0.8212890625 0.4140625 0.1083984375 0.09375
0 0.1513671875 0.697265625 0.1396484375 0.099609375
0 0.583984375 0.630859375 0.1123046875 0.083984375
0 0.6953125 0.787109375 0.11328125 0.0859375