0 0.2060546875 0.4609375 0.17578125 0.142578125
0 0.6708984375 0.28515625 0.103515625 0.1103515625
0 0.8173828125 0.4169921875 0.1572265625 0.1357421875
0 0.6318359375 0.4794921875 0.1572265625 0.130859375
0 0.5908203125 0.6357421875 0.1669921875 0.1103515625
0 0.1357421875 0.6962890625 0.1396484375 0.107421875
0 0.34765625 0.5751953125 0.1220703125 0.087890625
0 0.6904296875 0.7998046875 0.09765625 0.123046875
1 0.4208984375 0.357421875 0.1650390625 0.1513671875
1 0.423828125 0.7021484375 0.1396484375 0.1181640625
1 0.8115234375 0.5673828125 0.1982421875 0.0947265625