0 0.1279296875 0.3916015625 0.099609375 0.115234375
0 0.302734375 0.3193359375 0.0927734375 0.115234375
0 0.4443359375 0.1708984375 0.08984375 0.125
0 0.6279296875 0.2275390625 0.0859375 0.09765625
0 0.7744140625 0.359375 0.0908203125 0.1162109375
0 0.18359375 0.5947265625 0.0751953125 0.12890625
0 0.6513671875 0.525390625 0.0986328125 0.111328125
0 0.478515625 0.6494140625 0.078125 0.0947265625
0 0.5966796875 0.8134765625 0.0849609375 0.1259765625
0 0.3583984375 0.7666015625 0.0927734375 0.1162109375
1 0.439453125 0.46484375 0.0869140625 0.087890625