0 0.4443359375 0.1572265625 0.1220703125 0.126953125
0 0.3056640625 0.2978515625 0.09375 0.1845703125
0 0.1328125 0.3837890625 0.1337890625 0.166015625
0 0.19140625 0.5986328125 0.09765625 0.1337890625
0 0.357421875 0.7841796875 0.10546875 0.119140625
0 0.59375 0.8271484375 0.1162109375 0.1435546875
0 0.6591796875 0.521484375 0.095703125 0.107421875
0 0.77734375 0.3740234375 0.1083984375 0.16796875
0 0.6396484375 0.23046875 0.08203125 0.1611328125
1 0.44140625 0.470703125 0.150390625 0.1064453125
0 0.484375 0.6513671875 0.09375 0.146484375