0 0.2431640625 0.4580078125 0.1728515625 0.1181640625
0 0.6875 0.298828125 0.103515625 0.1103515625
0 0.8173828125 0.4169921875 0.1572265625 0.1357421875
0 0.6455078125 0.4794921875 0.1572265625 0.130859375
0 0.5966796875 0.6298828125 0.10546875 0.0966796875
0 0.1728515625 0.6962890625 0.1396484375 0.107421875
0 0.6904296875 0.7998046875 0.09765625 0.123046875
1 0.4208984375 0.357421875 0.1650390625 0.1513671875
1 0.46875 0.6953125 0.091796875 0.083984375
1 0.7900390625 0.572265625 0.1162109375 0.0927734375
0 0.384765625 0.5703125 0.1220703125 0.087890625