0 0.126953125 0.392578125 0.1005859375 0.1328125
0 0.2998046875 0.3173828125 0.0927734375 0.115234375
0 0.4501953125 0.1669921875 0.0947265625 0.1201171875
0 0.6298828125 0.2333984375 0.0859375 0.1103515625
0 0.771484375 0.3642578125 0.0859375 0.12109375
0 0.65625 0.5244140625 0.0908203125 0.103515625
0 0.1796875 0.5966796875 0.07421875 0.1142578125
0 0.4814453125 0.642578125 0.0849609375 0.1240234375
0 0.595703125 0.8212890625 0.09375 0.1279296875
0 0.3681640625 0.765625 0.0869140625 0.109375
1 0.4453125 0.466796875 0.1015625 0.1015625