0 0.4453125 0.1748046875 0.0810546875 0.13671875
0 0.3037109375 0.3359375 0.169921875 0.1416015625
0 0.1142578125 0.39453125 0.16796875 0.2099609375
0 0.1787109375 0.6015625 0.109375 0.14453125
0 0.37890625 0.7939453125 0.1103515625 0.1015625
0 0.46875 0.6728515625 0.111328125 0.1328125
0 0.5908203125 0.8310546875 0.1083984375 0.1416015625
0 0.654296875 0.5556640625 0.15625 0.15625
0 0.783203125 0.37890625 0.12890625 0.14453125
0 0.642578125 0.2353515625 0.1025390625 0.126953125
1 0.443359375 0.48046875 0.0966796875 0.1171875