0 0.3779296875 0.32421875 0.0556640625 0.041015625
0 0.5791015625 0.314453125 0.064453125 0.0556640625
0 0.6787109375 0.298828125 0.0634765625 0.048828125
0 0.7373046875 0.341796875 0.060546875 0.04296875
0 0.83984375 0.3916015625 0.0634765625 0.0546875
0 0.7529296875 0.423828125 0.05859375 0.0400390625
0 0.6650390625 0.435546875 0.0556640625 0.0537109375
0 0.5869140625 0.4111328125 0.056640625 0.0419921875
0 0.48828125 0.3701171875 0.0712890625 0.044921875
0 0.40625 0.4228515625 0.0595703125 0.0478515625
0 0.2529296875 0.3671875 0.0634765625 0.0419921875
0 0.291015625 0.3193359375 0.068359375 0.052734375
0 0.125 0.3837890625 0.0576171875 0.05859375
0 0.19140625 0.44921875 0.0537109375 0.0390625
0 0.3056640625 0.5498046875 0.0546875 0.0390625
0 0.3720703125 0.5048828125 0.0576171875 0.03515625
0 0.466796875 0.4755859375 0.0615234375 0.0498046875
0 0.5478515625 0.45703125 0.0546875 0.0322265625
0 0.56640625 0.49609375 0.0537109375 0.0400390625
0 0.7099609375 0.494140625 0.05078125 0.0419921875
0 0.796875 0.4716796875 0.05078125 0.0478515625
0 0.87109375 0.4814453125 0.0625 0.0380859375
0 0.9501953125 0.525390625 0.0546875 0.044921875
0 0.826171875 0.572265625 0.05078125 0.037109375
0 0.68359375 0.5732421875 0.046875 0.037109375
0 0.5888671875 0.560546875 0.0576171875 0.0439453125
0 0.5439453125 0.607421875 0.048828125 0.0380859375
0 0.4072265625 0.6142578125 0.0546875 0.03515625
0 0.369140625 0.57421875 0.0576171875 0.03515625
0 0.34765625 0.623046875 0.0556640625 0.0458984375
0 0.333984375 0.6669921875 0.06640625 0.033203125
0 0.3603515625 0.7158203125 0.060546875 0.0556640625
0 0.4638671875 0.703125 0.0517578125 0.048828125
0 0.5302734375 0.6591796875 0.0537109375 0.0478515625
0 0.6083984375 0.685546875 0.064453125 0.0673828125
0 0.67578125 0.669921875 0.048828125 0.046875
0 0.669921875 0.728515625 0.041015625 0.0419921875
0 0.8828125 0.6953125 0.0537109375 0.0478515625
0 0.537109375 0.7958984375 0.0673828125 0.0634765625
0 0.3896484375 0.8056640625 0.064453125 0.044921875
0 0.244140625 0.7666015625 0.0537109375 0.0556640625
0 0.169921875 0.802734375 0.0517578125 0.0498046875
0 0.16796875 0.67578125 0.0439453125 0.0537109375
0 0.203125 0.6171875 0.05859375 0.04296875
0 0.1220703125 0.6240234375 0.0517578125 0.041015625
1 0.34375 0.4228515625 0.04296875 0.044921875
1 0.46875 0.552734375 0.0537109375 0.0556640625
1 0.1708984375 0.556640625 0.103515625 0.0546875
1 0.76953125 0.6640625 0.0556640625 0.048828125
1 0.751953125 0.6044921875 0.06640625 0.0419921875