0 0.1279296875 0.3876953125 0.0927734375 0.126953125
0 0.3017578125 0.3193359375 0.0849609375 0.11328125
0 0.4423828125 0.169921875 0.08203125 0.099609375
0 0.6357421875 0.23046875 0.09375 0.11328125
0 0.767578125 0.359375 0.08203125 0.12109375
0 0.6474609375 0.5146484375 0.0869140625 0.109375
0 0.48046875 0.6435546875 0.0751953125 0.11328125
0 0.5986328125 0.8125 0.0830078125 0.1171875
0 0.365234375 0.76171875 0.0888671875 0.0986328125
0 0.1806640625 0.5966796875 0.0849609375 0.109375
1 0.4404296875 0.4697265625 0.0869140625 0.1025390625