0 0.5712890625 0.3095703125 0.0849609375 0.0556640625
0 0.669921875 0.294921875 0.0703125 0.0390625
0 0.724609375 0.3330078125 0.056640625 0.046875
0 0.8310546875 0.3896484375 0.0732421875 0.0498046875
0 0.7490234375 0.419921875 0.0537109375 0.048828125
0 0.650390625 0.427734375 0.076171875 0.0458984375
0 0.5751953125 0.4013671875 0.0546875 0.0498046875
0 0.484375 0.36328125 0.060546875 0.0458984375
0 0.3720703125 0.3203125 0.07421875 0.0458984375
0 0.283203125 0.3115234375 0.080078125 0.048828125
0 0.25 0.361328125 0.0625 0.0361328125
0 0.1162109375 0.376953125 0.072265625 0.0478515625
0 0.1865234375 0.443359375 0.05859375 0.0478515625
0 0.400390625 0.4140625 0.0732421875 0.0458984375
0 0.4609375 0.466796875 0.0546875 0.04296875
0 0.3681640625 0.4970703125 0.0595703125 0.0380859375
0 0.541015625 0.451171875 0.05859375 0.037109375
0 0.5615234375 0.48828125 0.0810546875 0.03125
0 0.580078125 0.552734375 0.0732421875 0.0625
0 0.5361328125 0.60546875 0.0517578125 0.0419921875
0 0.5185546875 0.65234375 0.060546875 0.048828125
0 0.453125 0.69140625 0.05078125 0.06640625
0 0.3544921875 0.7060546875 0.068359375 0.0498046875
0 0.32421875 0.6552734375 0.0732421875 0.04296875
0 0.33984375 0.6123046875 0.06640625 0.0419921875
0 0.3994140625 0.609375 0.0458984375 0.0419921875
0 0.365234375 0.5673828125 0.068359375 0.0322265625
0 0.2978515625 0.5400390625 0.0546875 0.044921875
0 0.1826171875 0.6064453125 0.0673828125 0.0400390625
0 0.1533203125 0.6611328125 0.0751953125 0.041015625
0 0.107421875 0.611328125 0.0595703125 0.04296875
0 0.6728515625 0.5654296875 0.056640625 0.0458984375
0 0.701171875 0.4912109375 0.0654296875 0.0615234375
0 0.78515625 0.466796875 0.052734375 0.046875
0 0.859375 0.4755859375 0.0654296875 0.046875
0 0.9404296875 0.51953125 0.0615234375 0.0556640625
0 0.81640625 0.5673828125 0.0673828125 0.037109375
0 0.8642578125 0.6865234375 0.07421875 0.044921875
0 0.6796875 0.6630859375 0.0615234375 0.0419921875
0 0.6103515625 0.6787109375 0.0712890625 0.0478515625
0 0.650390625 0.71875 0.046875 0.0390625
0 0.5400390625 0.7841796875 0.09375 0.0439453125
0 0.3779296875 0.791015625 0.080078125 0.068359375
0 0.234375 0.75 0.0634765625 0.0517578125
0 0.154296875 0.7939453125 0.083984375 0.052734375
1 0.333984375 0.4189453125 0.0634765625 0.046875
1 0.46484375 0.54296875 0.0625 0.0537109375
1 0.1630859375 0.544921875 0.1142578125 0.0478515625
1 0.7568359375 0.658203125 0.064453125 0.0517578125
1 0.73828125 0.599609375 0.0615234375 0.046875