0 0.8388671875 0.3515625 0.1494140625 0.166015625
0 0.3203125 0.2939453125 0.1328125 0.177734375
0 0.177734375 0.6435546875 0.1162109375 0.162109375
0 0.3779296875 0.828125 0.1220703125 0.1767578125
0 0.5029296875 0.69921875 0.1083984375 0.1474609375
0 0.7119140625 0.544921875 0.1474609375 0.197265625
0 0.65625 0.876953125 0.146484375 0.1875
0 0.666015625 0.21875 0.1103515625 0.2255859375
1 0.466796875 0.486328125 0.1171875 0.1416015625
0 0.466796875 0.1474609375 0.125 0.15234375
0 0.123046875 0.408203125 0.11328125 0.1728515625