0 0.24609375 0.4560546875 0.1455078125 0.09375
0 0.142578125 0.6640625 0.146484375 0.087890625
0 0.365234375 0.5732421875 0.138671875 0.0869140625
0 0.5869140625 0.626953125 0.16015625 0.0908203125
0 0.681640625 0.4501953125 0.103515625 0.0966796875
0 0.6484375 0.31640625 0.1298828125 0.1025390625
0 0.8037109375 0.4248046875 0.1376953125 0.1083984375
0 0.71484375 0.7294921875 0.1513671875 0.109375
1 0.7568359375 0.5615234375 0.138671875 0.0771484375
1 0.4453125 0.6884765625 0.08984375 0.0869140625
1 0.4326171875 0.357421875 0.1416015625 0.095703125