0 0.4697265625 0.16015625 0.0732421875 0.06640625
0 0.5615234375 0.1806640625 0.068359375 0.0556640625
0 0.7236328125 0.189453125 0.087890625 0.0654296875
0 0.3486328125 0.25 0.0849609375 0.05859375
0 0.2626953125 0.34375 0.0751953125 0.0556640625
0 0.20703125 0.466796875 0.0830078125 0.0625
0 0.21875 0.6630859375 0.099609375 0.072265625
0 0.3291015625 0.732421875 0.080078125 0.0693359375
0 0.494140625 0.8466796875 0.0947265625 0.078125
0 0.5498046875 0.654296875 0.0947265625 0.0703125
0 0.71484375 0.646484375 0.083984375 0.0595703125
0 0.8447265625 0.6376953125 0.08203125 0.0556640625
0 0.8046875 0.6953125 0.0869140625 0.064453125
0 0.7265625 0.548828125 0.0908203125 0.068359375
0 0.8291015625 0.451171875 0.072265625 0.060546875
0 0.638671875 0.45703125 0.07421875 0.0654296875
0 0.515625 0.421875 0.072265625 0.0615234375
0 0.658203125 0.31640625 0.068359375 0.0517578125
0 0.71875 0.283203125 0.076171875 0.0537109375
0 0.765625 0.357421875 0.0693359375 0.0556640625
0 0.92578125 0.33984375 0.0771484375 0.0615234375
1 0.18359375 0.3076171875 0.072265625 0.0654296875
1 0.251953125 0.404296875 0.109375 0.048828125
1 0.404296875 0.4814453125 0.10546875 0.076171875
1 0.59375 0.548828125 0.1044921875 0.0732421875
1 0.8837890625 0.546875 0.08984375 0.0625
1 0.5126953125 0.3056640625 0.0986328125 0.0576171875
1 0.33203125 0.5615234375 0.1005859375 0.0634765625
1 0.1630859375 0.54296875 0.0869140625 0.072265625
1 0.119140625 0.8076171875 0.107421875 0.0986328125