0 0.3798828125 0.328125 0.0556640625 0.0419921875
0 0.2900390625 0.3193359375 0.0751953125 0.0498046875
0 0.26171875 0.37109375 0.0634765625 0.046875
0 0.1220703125 0.380859375 0.072265625 0.0458984375
0 0.1943359375 0.4501953125 0.05859375 0.0419921875
0 0.4033203125 0.42578125 0.064453125 0.048828125
0 0.4853515625 0.3740234375 0.0712890625 0.05078125
0 0.5703125 0.3173828125 0.078125 0.056640625
0 0.6748046875 0.3046875 0.052734375 0.046875
0 0.7314453125 0.3408203125 0.056640625 0.05078125
0 0.8408203125 0.3984375 0.07421875 0.05078125
0 0.75 0.4228515625 0.056640625 0.0419921875
0 0.5830078125 0.41015625 0.060546875 0.0478515625
0 0.662109375 0.4296875 0.0478515625 0.05078125
0 0.703125 0.4921875 0.0498046875 0.04296875
0 0.7880859375 0.4736328125 0.0478515625 0.044921875
0 0.8564453125 0.48046875 0.0537109375 0.0498046875
0 0.9384765625 0.5244140625 0.0517578125 0.0498046875
0 0.822265625 0.5712890625 0.0478515625 0.0458984375
0 0.6806640625 0.5732421875 0.046875 0.0439453125
0 0.5859375 0.55859375 0.060546875 0.048828125
0 0.5673828125 0.498046875 0.0595703125 0.04296875
0 0.544921875 0.4541015625 0.0615234375 0.041015625
0 0.4638671875 0.4775390625 0.05078125 0.0390625
0 0.3759765625 0.5078125 0.048828125 0.0380859375
0 0.30859375 0.5498046875 0.0517578125 0.046875
0 0.3681640625 0.5693359375 0.044921875 0.041015625
0 0.40234375 0.6123046875 0.044921875 0.0390625
0 0.3466796875 0.62109375 0.0517578125 0.0458984375
0 0.3271484375 0.666015625 0.0517578125 0.041015625
0 0.3603515625 0.712890625 0.0625 0.0458984375
0 0.4609375 0.697265625 0.0625 0.05078125
0 0.52734375 0.658203125 0.064453125 0.05078125
0 0.5390625 0.607421875 0.056640625 0.0361328125
0 0.607421875 0.68359375 0.0595703125 0.0517578125
0 0.6796875 0.6669921875 0.0517578125 0.046875
0 0.873046875 0.693359375 0.0498046875 0.048828125
0 0.669921875 0.7255859375 0.0654296875 0.046875
0 0.5341796875 0.7880859375 0.0595703125 0.0478515625
0 0.39453125 0.802734375 0.0693359375 0.04296875
0 0.2509765625 0.7587890625 0.0615234375 0.052734375
0 0.1767578125 0.802734375 0.0439453125 0.052734375
0 0.1689453125 0.6728515625 0.060546875 0.0498046875
0 0.197265625 0.6142578125 0.0615234375 0.0400390625
0 0.119140625 0.623046875 0.0556640625 0.0439453125
1 0.3408203125 0.4248046875 0.0517578125 0.0478515625
1 0.173828125 0.5537109375 0.08984375 0.044921875
1 0.474609375 0.5546875 0.0673828125 0.0537109375
1 0.7451171875 0.6005859375 0.0595703125 0.0400390625
1 0.7646484375 0.6640625 0.060546875 0.0458984375