0 0.3798828125 0.333984375 0.0556640625 0.052734375
0 0.2939453125 0.3271484375 0.076171875 0.046875
0 0.24609375 0.369140625 0.0634765625 0.0419921875
0 0.12890625 0.3779296875 0.064453125 0.056640625
0 0.19140625 0.4501953125 0.083984375 0.0458984375
0 0.40625 0.421875 0.078125 0.0478515625
0 0.48046875 0.375 0.0771484375 0.044921875
0 0.5673828125 0.314453125 0.07421875 0.060546875
0 0.671875 0.3037109375 0.0556640625 0.0439453125
0 0.7265625 0.3427734375 0.0478515625 0.048828125
0 0.830078125 0.396484375 0.0498046875 0.052734375
0 0.7431640625 0.423828125 0.0556640625 0.0419921875
0 0.6552734375 0.4326171875 0.0478515625 0.05078125
0 0.5869140625 0.412109375 0.0654296875 0.0419921875
0 0.548828125 0.4580078125 0.0712890625 0.037109375
0 0.5634765625 0.494140625 0.05859375 0.03515625
0 0.6953125 0.4912109375 0.0615234375 0.044921875
0 0.783203125 0.46875 0.056640625 0.0390625
0 0.8544921875 0.478515625 0.0546875 0.0458984375
0 0.93359375 0.525390625 0.048828125 0.052734375
0 0.8203125 0.5703125 0.0625 0.0439453125
0 0.6806640625 0.572265625 0.0546875 0.0400390625
0 0.580078125 0.5615234375 0.0732421875 0.044921875
0 0.5439453125 0.60546875 0.0673828125 0.041015625
0 0.60546875 0.673828125 0.05859375 0.0576171875
0 0.67578125 0.6640625 0.0478515625 0.05078125
0 0.5302734375 0.6552734375 0.0498046875 0.0361328125
0 0.8701171875 0.689453125 0.0634765625 0.044921875
0 0.5380859375 0.7841796875 0.0625 0.044921875
0 0.666015625 0.7275390625 0.0576171875 0.0546875
0 0.38671875 0.7998046875 0.0703125 0.0439453125
0 0.2470703125 0.75390625 0.0595703125 0.0498046875
0 0.1875 0.7978515625 0.060546875 0.0439453125
0 0.361328125 0.71484375 0.064453125 0.0537109375
0 0.4580078125 0.697265625 0.0615234375 0.041015625
0 0.3330078125 0.662109375 0.064453125 0.0419921875
0 0.34765625 0.62109375 0.056640625 0.0380859375
0 0.40625 0.6103515625 0.0556640625 0.037109375
0 0.373046875 0.5712890625 0.0556640625 0.0380859375
0 0.2998046875 0.5458984375 0.0751953125 0.0478515625
0 0.369140625 0.5029296875 0.0546875 0.0439453125
0 0.2001953125 0.6142578125 0.05859375 0.033203125
0 0.16796875 0.6669921875 0.056640625 0.0478515625
0 0.125 0.6181640625 0.0556640625 0.0419921875
0 0.46484375 0.4755859375 0.06640625 0.0458984375
1 0.46875 0.552734375 0.0439453125 0.056640625
1 0.1767578125 0.5546875 0.095703125 0.052734375
1 0.748046875 0.6005859375 0.068359375 0.041015625
1 0.767578125 0.66015625 0.064453125 0.044921875
1 0.3349609375 0.4228515625 0.0517578125 0.05078125