0 0.681640625 0.2900390625 0.11328125 0.087890625
0 0.8232421875 0.4130859375 0.12109375 0.0908203125
0 0.65625 0.46875 0.1318359375 0.1025390625
0 0.58984375 0.6328125 0.1005859375 0.087890625
0 0.69921875 0.7890625 0.123046875 0.08984375
0 0.1396484375 0.6962890625 0.1513671875 0.0869140625
0 0.369140625 0.5703125 0.1064453125 0.0810546875
0 0.232421875 0.4580078125 0.1279296875 0.1162109375
1 0.4189453125 0.34765625 0.1162109375 0.091796875
1 0.78125 0.568359375 0.1103515625 0.09375
1 0.4677734375 0.697265625 0.1259765625 0.1025390625