0 0.0830078125 0.37890625 0.0693359375 0.052734375
0 0.2216796875 0.3642578125 0.080078125 0.0478515625
0 0.248046875 0.3134765625 0.08984375 0.0556640625
0 0.34765625 0.322265625 0.068359375 0.04296875
0 0.462890625 0.369140625 0.0849609375 0.05078125
0 0.5595703125 0.314453125 0.0771484375 0.05859375
0 0.6689453125 0.30078125 0.0732421875 0.05859375
0 0.7216796875 0.337890625 0.046875 0.0498046875
0 0.8349609375 0.3994140625 0.0595703125 0.052734375
0 0.7392578125 0.42578125 0.06640625 0.0478515625
0 0.5712890625 0.4140625 0.0703125 0.0517578125
0 0.6484375 0.4404296875 0.068359375 0.0537109375
0 0.3779296875 0.4208984375 0.06640625 0.052734375
0 0.1552734375 0.4560546875 0.0810546875 0.048828125
0 0.349609375 0.5107421875 0.0673828125 0.0390625
0 0.4423828125 0.4765625 0.0615234375 0.0556640625
0 0.52734375 0.4599609375 0.064453125 0.0390625
0 0.546875 0.5029296875 0.0556640625 0.048828125
0 0.6923828125 0.4990234375 0.0693359375 0.044921875
0 0.783203125 0.4765625 0.056640625 0.0458984375
0 0.8564453125 0.4873046875 0.06640625 0.056640625
0 0.9453125 0.537109375 0.07421875 0.056640625
0 0.8193359375 0.583984375 0.06640625 0.0537109375
0 0.865234375 0.7080078125 0.0703125 0.05859375
0 0.6689453125 0.5859375 0.064453125 0.05859375
0 0.5673828125 0.572265625 0.0634765625 0.05859375
0 0.5166015625 0.6171875 0.0654296875 0.048828125
0 0.5927734375 0.6923828125 0.0673828125 0.048828125
0 0.6640625 0.68359375 0.0625 0.0537109375
0 0.640625 0.7412109375 0.08203125 0.0439453125
0 0.275390625 0.5595703125 0.0703125 0.0478515625
0 0.337890625 0.580078125 0.0546875 0.0419921875
0 0.3759765625 0.625 0.0654296875 0.0537109375
0 0.3115234375 0.6279296875 0.0634765625 0.0498046875
0 0.16015625 0.62109375 0.07421875 0.0439453125
0 0.072265625 0.62890625 0.0703125 0.05078125
0 0.1181640625 0.67578125 0.064453125 0.0400390625
0 0.291015625 0.67578125 0.05859375 0.0498046875
0 0.333984375 0.732421875 0.07421875 0.0712890625
0 0.4443359375 0.712890625 0.0791015625 0.0654296875
0 0.501953125 0.6669921875 0.0615234375 0.056640625
0 0.5048828125 0.8115234375 0.072265625 0.0693359375
0 0.3564453125 0.830078125 0.0869140625 0.064453125
0 0.203125 0.7763671875 0.072265625 0.0634765625
0 0.125 0.8193359375 0.078125 0.060546875
1 0.3134765625 0.4228515625 0.068359375 0.056640625
1 0.1298828125 0.5654296875 0.0966796875 0.0478515625
1 0.4423828125 0.5576171875 0.0615234375 0.0615234375
1 0.763671875 0.6796875 0.0654296875 0.0517578125
1 0.73828125 0.61328125 0.068359375 0.0517578125