0 0.24609375 0.4560546875 0.1455078125 0.09375
0 0.1240234375 0.65234375 0.146484375 0.087890625
0 0.36328125 0.5537109375 0.138671875 0.0869140625
0 0.5693359375 0.607421875 0.16015625 0.0908203125
0 0.6474609375 0.4482421875 0.1337890625 0.09765625
0 0.63671875 0.298828125 0.1298828125 0.1025390625
0 0.783203125 0.41796875 0.1376953125 0.1083984375
0 0.6923828125 0.748046875 0.1513671875 0.109375
1 0.76953125 0.552734375 0.138671875 0.0771484375
1 0.4453125 0.669921875 0.08984375 0.0869140625
1 0.4228515625 0.3525390625 0.1416015625 0.095703125