0 0.890625 0.36328125 0.1494140625 0.166015625
0 0.3203125 0.2939453125 0.1328125 0.177734375
0 0.177734375 0.6435546875 0.1162109375 0.162109375
0 0.3857421875 0.861328125 0.1220703125 0.1767578125
0 0.5361328125 0.7255859375 0.1083984375 0.1474609375
0 0.7490234375 0.544921875 0.1474609375 0.197265625
0 0.673828125 0.89453125 0.146484375 0.1875
0 0.72265625 0.2060546875 0.1103515625 0.2255859375
1 0.498046875 0.4931640625 0.1171875 0.1416015625
0 0.50390625 0.1337890625 0.125 0.15234375
0 0.123046875 0.408203125 0.11328125 0.1728515625