0 0.283203125 0.3154296875 0.0751953125 0.052734375
0 0.380859375 0.3232421875 0.0634765625 0.0458984375
0 0.490234375 0.36328125 0.0654296875 0.0556640625
0 0.578125 0.314453125 0.0732421875 0.0595703125
0 0.677734375 0.2939453125 0.072265625 0.0517578125
0 0.728515625 0.3408203125 0.0576171875 0.0341796875
0 0.8359375 0.388671875 0.06640625 0.0517578125
0 0.7470703125 0.4208984375 0.0537109375 0.044921875
0 0.6572265625 0.431640625 0.0595703125 0.048828125
0 0.5810546875 0.40234375 0.0654296875 0.0517578125
0 0.548828125 0.455078125 0.0498046875 0.03125
0 0.564453125 0.4892578125 0.0634765625 0.0361328125
0 0.5888671875 0.5546875 0.072265625 0.0556640625
0 0.703125 0.4892578125 0.0595703125 0.041015625
0 0.79296875 0.4658203125 0.0576171875 0.044921875
0 0.8583984375 0.474609375 0.0595703125 0.044921875
0 0.9453125 0.521484375 0.0595703125 0.05078125
0 0.82421875 0.56640625 0.0625 0.046875
0 0.677734375 0.5673828125 0.0537109375 0.04296875
0 0.87109375 0.69140625 0.0625 0.0478515625
0 0.6796875 0.6630859375 0.0625 0.0419921875
0 0.603515625 0.6787109375 0.0654296875 0.0517578125
0 0.4560546875 0.6904296875 0.0751953125 0.0556640625
0 0.521484375 0.6552734375 0.05859375 0.0478515625
0 0.537109375 0.603515625 0.0517578125 0.0419921875
0 0.3662109375 0.5703125 0.0546875 0.0380859375
0 0.302734375 0.544921875 0.056640625 0.0498046875
0 0.2001953125 0.611328125 0.0673828125 0.0419921875
0 0.1650390625 0.666015625 0.078125 0.0458984375
0 0.123046875 0.6162109375 0.0478515625 0.037109375
0 0.193359375 0.447265625 0.064453125 0.0517578125
0 0.1181640625 0.380859375 0.0732421875 0.0576171875
0 0.248046875 0.3701171875 0.0654296875 0.0498046875
0 0.404296875 0.4169921875 0.0673828125 0.0478515625
0 0.462890625 0.466796875 0.0576171875 0.0478515625
0 0.375 0.5029296875 0.048828125 0.041015625
0 0.404296875 0.6103515625 0.05078125 0.03515625
0 0.341796875 0.6171875 0.0615234375 0.0380859375
0 0.3251953125 0.662109375 0.0595703125 0.04296875
0 0.3583984375 0.708984375 0.052734375 0.0380859375
0 0.6611328125 0.7255859375 0.0595703125 0.048828125
0 0.388671875 0.7998046875 0.099609375 0.0498046875
0 0.525390625 0.7880859375 0.078125 0.06640625
0 0.2421875 0.7548828125 0.068359375 0.0498046875
0 0.17578125 0.8046875 0.068359375 0.0498046875
1 0.33984375 0.421875 0.05078125 0.0517578125
1 0.1689453125 0.552734375 0.0849609375 0.046875
1 0.458984375 0.55078125 0.05859375 0.0546875
1 0.7431640625 0.6015625 0.0576171875 0.041015625
1 0.76171875 0.6669921875 0.060546875 0.048828125