0 0.4580078125 0.126953125 0.0703125 0.08203125
0 0.5556640625 0.142578125 0.08203125 0.06640625
0 0.7158203125 0.15234375 0.1005859375 0.05859375
0 0.3408203125 0.21875 0.1103515625 0.060546875
0 0.244140625 0.30859375 0.083984375 0.056640625
0 0.517578125 0.3896484375 0.095703125 0.0712890625
0 0.638671875 0.4248046875 0.099609375 0.064453125
0 0.76171875 0.3212890625 0.09375 0.0615234375
0 0.916015625 0.3017578125 0.09375 0.056640625
0 0.830078125 0.4150390625 0.0859375 0.064453125
0 0.646484375 0.27734375 0.0625 0.0546875
0 0.7080078125 0.2509765625 0.078125 0.0458984375
0 0.1923828125 0.4296875 0.09765625 0.0693359375
0 0.20703125 0.6328125 0.10546875 0.068359375
0 0.3173828125 0.701171875 0.103515625 0.0830078125
0 0.5439453125 0.6181640625 0.09765625 0.06640625
0 0.708984375 0.611328125 0.087890625 0.0625
0 0.720703125 0.517578125 0.109375 0.0712890625
0 0.8251953125 0.6015625 0.09765625 0.0546875
0 0.7998046875 0.658203125 0.0888671875 0.0634765625
0 0.482421875 0.80859375 0.0947265625 0.0712890625
1 0.171875 0.26171875 0.0771484375 0.0517578125
1 0.4931640625 0.267578125 0.099609375 0.0634765625
1 0.2294921875 0.3623046875 0.0888671875 0.041015625
1 0.388671875 0.44140625 0.0849609375 0.060546875
1 0.3212890625 0.5224609375 0.1044921875 0.072265625
1 0.1435546875 0.5 0.072265625 0.064453125
1 0.5810546875 0.5087890625 0.072265625 0.0634765625
1 0.8623046875 0.5068359375 0.0810546875 0.0556640625
1 0.1171875 0.7626953125 0.083984375 0.0771484375