0 0.4736328125 0.162109375 0.076171875 0.068359375
0 0.5576171875 0.1787109375 0.072265625 0.0615234375
0 0.7236328125 0.18359375 0.087890625 0.07421875
0 0.3515625 0.2548828125 0.0966796875 0.0595703125
0 0.263671875 0.34375 0.0849609375 0.0546875
0 0.212890625 0.4638671875 0.0712890625 0.060546875
0 0.23046875 0.6591796875 0.10546875 0.0703125
0 0.3330078125 0.7314453125 0.091796875 0.0693359375
0 0.4951171875 0.8369140625 0.091796875 0.07421875
0 0.5595703125 0.65234375 0.099609375 0.072265625
0 0.7138671875 0.640625 0.0791015625 0.0576171875
0 0.8427734375 0.6328125 0.080078125 0.056640625
0 0.806640625 0.6923828125 0.0849609375 0.0751953125
0 0.728515625 0.546875 0.1044921875 0.068359375
0 0.642578125 0.455078125 0.0927734375 0.0732421875
0 0.5205078125 0.4140625 0.0771484375 0.0615234375
0 0.8330078125 0.453125 0.0751953125 0.056640625
0 0.7626953125 0.3525390625 0.0986328125 0.0634765625
0 0.9208984375 0.3408203125 0.080078125 0.0634765625
0 0.7158203125 0.2880859375 0.0634765625 0.04296875
0 0.6572265625 0.314453125 0.06640625 0.0625
1 0.193359375 0.302734375 0.0673828125 0.056640625
1 0.25390625 0.396484375 0.1025390625 0.046875
1 0.515625 0.2998046875 0.0908203125 0.0654296875
1 0.3984375 0.4736328125 0.091796875 0.078125
1 0.3388671875 0.5517578125 0.087890625 0.06640625
1 0.169921875 0.5322265625 0.0751953125 0.06640625
1 0.58984375 0.541015625 0.08984375 0.078125
1 0.8779296875 0.5400390625 0.078125 0.060546875
1 0.1318359375 0.7900390625 0.0927734375 0.0908203125