0 0.75 0.1435546875 0.125 0.1591796875
0 0.50390625 0.0888671875 0.154296875 0.1572265625
0 0.30859375 0.2685546875 0.1181640625 0.1884765625
0 0.103515625 0.3603515625 0.154296875 0.1591796875
0 0.173828125 0.6064453125 0.12109375 0.1767578125
0 0.40234375 0.810546875 0.0966796875 0.1826171875
0 0.677734375 0.8896484375 0.1826171875 0.1611328125
0 0.5361328125 0.6787109375 0.1474609375 0.1669921875
0 0.748046875 0.515625 0.134765625 0.2080078125
0 0.916015625 0.314453125 0.16796875 0.203125
1 0.4970703125 0.447265625 0.19140625 0.197265625