0 0.47265625 0.1572265625 0.078125 0.0634765625
0 0.560546875 0.17578125 0.0849609375 0.068359375
0 0.7177734375 0.181640625 0.1044921875 0.060546875
0 0.716796875 0.279296875 0.0498046875 0.0576171875
0 0.65234375 0.3037109375 0.064453125 0.056640625
0 0.7607421875 0.349609375 0.0810546875 0.0654296875
0 0.908203125 0.3330078125 0.08203125 0.05859375
0 0.8232421875 0.4375 0.06640625 0.0625
0 0.6328125 0.4453125 0.087890625 0.0595703125
0 0.521484375 0.41015625 0.0751953125 0.0615234375
0 0.2734375 0.3349609375 0.0703125 0.05078125
0 0.3544921875 0.2490234375 0.07421875 0.056640625
0 0.71875 0.53125 0.0947265625 0.0712890625
0 0.70703125 0.623046875 0.0791015625 0.0546875
0 0.5556640625 0.634765625 0.0947265625 0.076171875
0 0.79296875 0.6728515625 0.078125 0.072265625
0 0.8193359375 0.609375 0.08203125 0.044921875
0 0.3369140625 0.705078125 0.0908203125 0.0673828125
0 0.2353515625 0.642578125 0.095703125 0.068359375
0 0.4970703125 0.814453125 0.08984375 0.068359375
0 0.21875 0.4521484375 0.072265625 0.068359375
1 0.2001953125 0.2939453125 0.076171875 0.046875
1 0.517578125 0.2939453125 0.0927734375 0.0576171875
1 0.4033203125 0.462890625 0.08203125 0.07421875
1 0.3427734375 0.541015625 0.0859375 0.068359375
1 0.1767578125 0.51953125 0.0703125 0.072265625
1 0.599609375 0.5302734375 0.099609375 0.0693359375
1 0.8662109375 0.525390625 0.0966796875 0.060546875
1 0.15234375 0.7666015625 0.080078125 0.0830078125
1 0.2529296875 0.388671875 0.091796875 0.0458984375