0 0.6708984375 0.2880859375 0.109375 0.0966796875
0 0.8125 0.412109375 0.1318359375 0.091796875
0 0.654296875 0.4716796875 0.14453125 0.1103515625
0 0.234375 0.4658203125 0.12109375 0.0966796875
0 0.3642578125 0.572265625 0.1181640625 0.08203125
0 0.57421875 0.6357421875 0.12890625 0.083984375
0 0.693359375 0.7919921875 0.1083984375 0.080078125
0 0.1337890625 0.6962890625 0.142578125 0.09765625
1 0.4169921875 0.3515625 0.123046875 0.109375
1 0.7744140625 0.56640625 0.1044921875 0.0908203125
1 0.458984375 0.7060546875 0.11328125 0.126953125