0 0.3388671875 0.5322265625 0.1689453125 0.091796875
0 0.216796875 0.7216796875 0.1796875 0.1162109375
0 0.435546875 0.6259765625 0.111328125 0.1044921875
0 0.6328125 0.685546875 0.1298828125 0.087890625
0 0.8486328125 0.4931640625 0.13671875 0.0830078125
0 0.7158203125 0.5400390625 0.1279296875 0.076171875
0 0.6728515625 0.6103515625 0.1201171875 0.0634765625
1 0.482421875 0.4228515625 0.205078125 0.087890625
0 0.7314453125 0.3916015625 0.12109375 0.0869140625
1 0.8095703125 0.630859375 0.1171875 0.08203125
1 0.517578125 0.7412109375 0.0947265625 0.0927734375