0 0.66015625 0.2978515625 0.123046875 0.115234375
0 0.21484375 0.48046875 0.1474609375 0.1044921875
0 0.35546875 0.587890625 0.1259765625 0.08984375
0 0.1259765625 0.708984375 0.189453125 0.1279296875
0 0.5673828125 0.6494140625 0.1630859375 0.095703125
0 0.6875 0.80859375 0.1201171875 0.09375
0 0.810546875 0.427734375 0.13671875 0.1064453125
0 0.6337890625 0.4794921875 0.1513671875 0.1064453125
1 0.400390625 0.361328125 0.1220703125 0.0830078125
1 0.7587890625 0.5849609375 0.125 0.08203125
1 0.427734375 0.708984375 0.1103515625 0.115234375