0 0.3681640625 0.53125 0.15625 0.123046875
0 0.263671875 0.73046875 0.1689453125 0.0947265625
0 0.4833984375 0.6455078125 0.107421875 0.083984375
0 0.6611328125 0.6953125 0.1318359375 0.068359375
0 0.7099609375 0.619140625 0.1171875 0.0751953125
0 0.7626953125 0.3759765625 0.140625 0.1220703125
0 0.8671875 0.4892578125 0.1279296875 0.1044921875
1 0.8486328125 0.6328125 0.1123046875 0.0810546875
1 0.5419921875 0.744140625 0.08984375 0.0869140625
1 0.529296875 0.4228515625 0.1416015625 0.095703125
0 0.744140625 0.5390625 0.107421875 0.0849609375