0 0.1337890625 0.4072265625 0.115234375 0.171875
0 0.306640625 0.337890625 0.0986328125 0.1435546875
0 0.4501953125 0.171875 0.1220703125 0.1806640625
0 0.6328125 0.2333984375 0.095703125 0.1201171875
0 0.783203125 0.369140625 0.1396484375 0.169921875
0 0.65234375 0.5322265625 0.11328125 0.1298828125
0 0.486328125 0.6591796875 0.080078125 0.1376953125
0 0.1845703125 0.61328125 0.1083984375 0.162109375
0 0.3662109375 0.7763671875 0.1064453125 0.154296875
0 0.6015625 0.8291015625 0.1162109375 0.16796875
1 0.44921875 0.486328125 0.1201171875 0.171875