0 0.6484375 0.3046875 0.107421875 0.09375
0 0.7822265625 0.4326171875 0.1298828125 0.0947265625
0 0.63671875 0.4892578125 0.130859375 0.091796875
0 0.2158203125 0.48828125 0.1484375 0.0869140625
0 0.337890625 0.583984375 0.158203125 0.107421875
0 0.5693359375 0.6552734375 0.1357421875 0.0859375
0 0.6630859375 0.8115234375 0.1337890625 0.1083984375
0 0.134765625 0.712890625 0.142578125 0.1025390625
1 0.40625 0.3671875 0.1298828125 0.0966796875
1 0.7734375 0.5830078125 0.17578125 0.072265625
1 0.4189453125 0.7138671875 0.1103515625 0.109375