0 0.3251953125 0.3154296875 0.1015625 0.1611328125
0 0.1015625 0.388671875 0.1220703125 0.1728515625
0 0.171875 0.662109375 0.1201171875 0.1728515625
0 0.3896484375 0.8642578125 0.1162109375 0.1943359375
0 0.681640625 0.9091796875 0.12109375 0.181640625
0 0.544921875 0.7275390625 0.0869140625 0.1669921875
0 0.7734375 0.583984375 0.103515625 0.1708984375
0 0.919921875 0.3369140625 0.16015625 0.201171875
0 0.748046875 0.1982421875 0.1162109375 0.2119140625
0 0.509765625 0.126953125 0.1572265625 0.1572265625
1 0.4912109375 0.48828125 0.1513671875 0.1494140625