0 0.37890625 0.3203125 0.068359375 0.041015625
0 0.2724609375 0.3115234375 0.091796875 0.0478515625
0 0.2568359375 0.3671875 0.0693359375 0.041015625
0 0.1162109375 0.3759765625 0.0654296875 0.0556640625
0 0.1875 0.4404296875 0.0693359375 0.046875
0 0.40234375 0.419921875 0.076171875 0.056640625
0 0.4921875 0.3662109375 0.0791015625 0.0439453125
0 0.572265625 0.30859375 0.0703125 0.0654296875
0 0.671875 0.2958984375 0.0615234375 0.0478515625
0 0.732421875 0.3310546875 0.0546875 0.044921875
0 0.8359375 0.3876953125 0.068359375 0.048828125
0 0.751953125 0.4208984375 0.0615234375 0.0439453125
0 0.6572265625 0.4287109375 0.0703125 0.0556640625
0 0.5859375 0.404296875 0.0673828125 0.044921875
0 0.5400390625 0.4541015625 0.052734375 0.0341796875
0 0.4619140625 0.466796875 0.0634765625 0.03515625
0 0.3740234375 0.4970703125 0.0654296875 0.0361328125
0 0.2998046875 0.5419921875 0.07421875 0.0361328125
0 0.3662109375 0.564453125 0.0478515625 0.033203125
0 0.3974609375 0.6064453125 0.0478515625 0.0400390625
0 0.5361328125 0.59765625 0.0751953125 0.05078125
0 0.5751953125 0.5517578125 0.0654296875 0.0400390625
0 0.5615234375 0.4921875 0.0634765625 0.037109375
0 0.6982421875 0.490234375 0.0634765625 0.048828125
0 0.7880859375 0.4638671875 0.064453125 0.037109375
0 0.8583984375 0.4716796875 0.0419921875 0.046875
0 0.9365234375 0.5234375 0.05859375 0.0595703125
0 0.8232421875 0.568359375 0.060546875 0.046875
0 0.6767578125 0.56640625 0.0478515625 0.0419921875
0 0.6708984375 0.6611328125 0.0517578125 0.0458984375
0 0.603515625 0.67578125 0.0556640625 0.0546875
0 0.5234375 0.65234375 0.06640625 0.0517578125
0 0.3583984375 0.7060546875 0.06640625 0.048828125
0 0.44921875 0.6923828125 0.072265625 0.0498046875
0 0.328125 0.65625 0.05859375 0.0361328125
0 0.341796875 0.6142578125 0.05859375 0.0439453125
0 0.1923828125 0.607421875 0.05859375 0.03515625
0 0.1201171875 0.619140625 0.05078125 0.0517578125
0 0.15625 0.6650390625 0.044921875 0.033203125
0 0.2294921875 0.7568359375 0.0556640625 0.0546875
0 0.1552734375 0.79296875 0.0712890625 0.05078125
0 0.3779296875 0.7978515625 0.0615234375 0.05859375
0 0.5234375 0.783203125 0.07421875 0.0615234375
0 0.8720703125 0.6923828125 0.068359375 0.0498046875
0 0.658203125 0.72265625 0.0625 0.0498046875
1 0.3369140625 0.41796875 0.05078125 0.0478515625
1 0.4599609375 0.55078125 0.0537109375 0.0576171875
1 0.1708984375 0.55078125 0.078125 0.0458984375
1 0.740234375 0.5986328125 0.064453125 0.0478515625
1 0.76171875 0.6611328125 0.0654296875 0.0390625