0 0.66796875 0.2861328125 0.130859375 0.134765625
0 0.201171875 0.4697265625 0.185546875 0.125
0 0.12890625 0.7109375 0.1787109375 0.142578125
0 0.5732421875 0.6416015625 0.1650390625 0.1640625
0 0.3603515625 0.5849609375 0.1669921875 0.1171875
0 0.62890625 0.4716796875 0.1787109375 0.14453125
0 0.82421875 0.435546875 0.1728515625 0.154296875
0 0.6826171875 0.8056640625 0.0927734375 0.0859375
1 0.78515625 0.5732421875 0.1728515625 0.0869140625
1 0.404296875 0.36328125 0.146484375 0.134765625
1 0.4365234375 0.712890625 0.126953125 0.1328125