0 0.458984375 0.1201171875 0.0771484375 0.0712890625
0 0.5517578125 0.142578125 0.0859375 0.0625
0 0.71875 0.1484375 0.0810546875 0.0732421875
0 0.7041015625 0.251953125 0.0712890625 0.0458984375
0 0.640625 0.2763671875 0.0771484375 0.0595703125
0 0.7568359375 0.3203125 0.0810546875 0.0654296875
0 0.91796875 0.3076171875 0.0751953125 0.0615234375
0 0.5029296875 0.38671875 0.0869140625 0.060546875
0 0.625 0.4228515625 0.0927734375 0.0556640625
0 0.822265625 0.4189453125 0.0771484375 0.052734375
0 0.716796875 0.51953125 0.099609375 0.0693359375
0 0.8232421875 0.60546875 0.0859375 0.0576171875
0 0.705078125 0.607421875 0.08203125 0.0517578125
0 0.79296875 0.6650390625 0.078125 0.076171875
0 0.5380859375 0.619140625 0.0947265625 0.07421875
0 0.3046875 0.6962890625 0.083984375 0.0771484375
0 0.4736328125 0.8095703125 0.0869140625 0.076171875
0 0.201171875 0.630859375 0.099609375 0.0625
0 0.1884765625 0.42578125 0.087890625 0.0615234375
0 0.240234375 0.3115234375 0.0888671875 0.0498046875
0 0.330078125 0.21484375 0.080078125 0.052734375
1 0.169921875 0.259765625 0.0947265625 0.0556640625
1 0.4951171875 0.2587890625 0.109375 0.0673828125
1 0.2236328125 0.3642578125 0.10546875 0.0546875
1 0.3837890625 0.443359375 0.09375 0.0810546875
1 0.583984375 0.5048828125 0.076171875 0.0625
1 0.8740234375 0.5126953125 0.0810546875 0.0654296875
1 0.3125 0.5263671875 0.1064453125 0.0732421875
1 0.1357421875 0.4970703125 0.083984375 0.083984375
1 0.1005859375 0.7646484375 0.1083984375 0.087890625