0 0.455078125 0.12109375 0.1005859375 0.0810546875
0 0.544921875 0.140625 0.076171875 0.072265625
0 0.7109375 0.1494140625 0.125 0.08203125
0 0.919921875 0.306640625 0.1123046875 0.080078125
0 0.6953125 0.2451171875 0.09375 0.068359375
0 0.755859375 0.326171875 0.1044921875 0.0673828125
0 0.83203125 0.423828125 0.080078125 0.0791015625
0 0.716796875 0.5263671875 0.1513671875 0.0859375
0 0.322265625 0.21484375 0.091796875 0.0595703125
0 0.236328125 0.3115234375 0.0810546875 0.048828125
0 0.5029296875 0.3916015625 0.0888671875 0.0703125
0 0.619140625 0.427734375 0.091796875 0.064453125
0 0.1826171875 0.439453125 0.0869140625 0.060546875
0 0.197265625 0.6357421875 0.09375 0.078125
0 0.3017578125 0.7021484375 0.1103515625 0.0810546875
0 0.541015625 0.6298828125 0.107421875 0.0751953125
0 0.7021484375 0.62109375 0.0908203125 0.056640625
0 0.830078125 0.6142578125 0.0908203125 0.0537109375
0 0.7900390625 0.6689453125 0.0751953125 0.0693359375
0 0.4677734375 0.8193359375 0.0986328125 0.07421875
0 0.6435546875 0.28125 0.068359375 0.060546875
1 0.169921875 0.263671875 0.107421875 0.060546875
1 0.5 0.263671875 0.1181640625 0.0869140625
1 0.2314453125 0.36328125 0.115234375 0.044921875
1 0.3779296875 0.443359375 0.111328125 0.0673828125
1 0.3115234375 0.5322265625 0.1259765625 0.064453125
1 0.1357421875 0.5009765625 0.0908203125 0.0703125
1 0.0986328125 0.7705078125 0.1103515625 0.0849609375
1 0.5703125 0.515625 0.1025390625 0.0703125
1 0.8798828125 0.51171875 0.08984375 0.0615234375