0 0.4755859375 0.1611328125 0.068359375 0.0634765625
0 0.5595703125 0.1787109375 0.0732421875 0.0595703125
0 0.7158203125 0.1845703125 0.09375 0.0712890625
0 0.36328125 0.2548828125 0.087890625 0.064453125
0 0.642578125 0.310546875 0.060546875 0.060546875
0 0.7080078125 0.2841796875 0.076171875 0.052734375
0 0.7646484375 0.3564453125 0.0849609375 0.0751953125
0 0.904296875 0.3349609375 0.0908203125 0.07421875
0 0.8232421875 0.439453125 0.0673828125 0.0546875
0 0.5263671875 0.4150390625 0.07421875 0.064453125
0 0.634765625 0.4453125 0.087890625 0.0830078125
0 0.2822265625 0.341796875 0.0849609375 0.0517578125
0 0.7197265625 0.5361328125 0.0908203125 0.06640625
0 0.712890625 0.626953125 0.078125 0.06640625
0 0.5537109375 0.63671875 0.080078125 0.064453125
0 0.232421875 0.6455078125 0.0986328125 0.0771484375
0 0.3369140625 0.7177734375 0.0927734375 0.0830078125
0 0.494140625 0.8212890625 0.1064453125 0.0810546875
0 0.826171875 0.62109375 0.07421875 0.0546875
0 0.796875 0.6767578125 0.0771484375 0.060546875
0 0.2265625 0.4599609375 0.0810546875 0.06640625
1 0.2001953125 0.2978515625 0.083984375 0.0517578125
1 0.51953125 0.298828125 0.0908203125 0.052734375
1 0.40625 0.466796875 0.078125 0.0673828125
1 0.3427734375 0.544921875 0.087890625 0.0625
1 0.177734375 0.5234375 0.0771484375 0.0673828125
1 0.59765625 0.5341796875 0.0810546875 0.0654296875
1 0.8662109375 0.5263671875 0.0986328125 0.0615234375
1 0.146484375 0.7744140625 0.0908203125 0.09765625
1 0.265625 0.3935546875 0.125 0.0537109375