0 0.2236328125 0.4931640625 0.15625 0.123046875
0 0.0986328125 0.7099609375 0.146484375 0.087890625
0 0.345703125 0.58984375 0.107421875 0.083984375
0 0.5556640625 0.6630859375 0.1318359375 0.068359375
0 0.626953125 0.49609375 0.146484375 0.11328125
0 0.6484375 0.31640625 0.1298828125 0.1025390625
0 0.76953125 0.4462890625 0.1279296875 0.1044921875
0 0.58984375 0.580078125 0.1044921875 0.0712890625
1 0.7373046875 0.5869140625 0.1513671875 0.0869140625
1 0.4287109375 0.7060546875 0.08984375 0.0869140625
1 0.3876953125 0.3837890625 0.1416015625 0.095703125