0 0.478515625 0.18359375 0.0771484375 0.0703125
0 0.5576171875 0.197265625 0.08984375 0.0634765625
0 0.734375 0.2080078125 0.109375 0.072265625
0 0.3603515625 0.2763671875 0.0751953125 0.06640625
0 0.271484375 0.3623046875 0.08203125 0.052734375
0 0.22265625 0.484375 0.0771484375 0.0615234375
0 0.234375 0.68359375 0.0908203125 0.076171875
0 0.3359375 0.7568359375 0.1005859375 0.08203125
0 0.5048828125 0.87109375 0.10546875 0.1025390625
0 0.5712890625 0.6728515625 0.10546875 0.0791015625
0 0.73046875 0.6650390625 0.09765625 0.078125
0 0.857421875 0.6552734375 0.0849609375 0.0537109375
0 0.8232421875 0.7158203125 0.0859375 0.078125
0 0.74609375 0.564453125 0.0986328125 0.076171875
0 0.529296875 0.431640625 0.08203125 0.0751953125
0 0.65234375 0.47265625 0.1083984375 0.0703125
0 0.8330078125 0.4599609375 0.0947265625 0.0576171875
0 0.7744140625 0.3759765625 0.0908203125 0.0654296875
0 0.9248046875 0.353515625 0.09375 0.064453125
0 0.7275390625 0.2978515625 0.0791015625 0.0556640625
0 0.658203125 0.3212890625 0.0810546875 0.0556640625
1 0.19921875 0.3193359375 0.099609375 0.0498046875
1 0.521484375 0.3212890625 0.0966796875 0.0625
1 0.2578125 0.4140625 0.0947265625 0.046875
1 0.412109375 0.49609375 0.0859375 0.0771484375
1 0.3583984375 0.57421875 0.1025390625 0.076171875
1 0.166015625 0.556640625 0.1123046875 0.0732421875
1 0.603515625 0.5615234375 0.087890625 0.064453125
1 0.890625 0.5546875 0.0732421875 0.0673828125
1 0.1416015625 0.8154296875 0.12109375 0.1083984375