0 0.48828125 0.1982421875 0.0849609375 0.0654296875
0 0.5869140625 0.2197265625 0.095703125 0.0693359375
0 0.734375 0.2197265625 0.087890625 0.0556640625
0 0.716796875 0.3095703125 0.0810546875 0.0380859375
0 0.6787109375 0.3447265625 0.078125 0.05859375
0 0.7822265625 0.384765625 0.07421875 0.060546875
0 0.9306640625 0.36328125 0.072265625 0.07421875
0 0.5390625 0.447265625 0.0634765625 0.068359375
0 0.65234375 0.48046875 0.0947265625 0.0634765625
0 0.8486328125 0.4716796875 0.0712890625 0.0556640625
0 0.7568359375 0.5791015625 0.0927734375 0.0791015625
0 0.578125 0.677734375 0.107421875 0.087890625
0 0.7353515625 0.6728515625 0.087890625 0.0634765625
0 0.857421875 0.6640625 0.0771484375 0.05859375
0 0.8310546875 0.7255859375 0.0869140625 0.068359375
0 0.5224609375 0.876953125 0.0986328125 0.0732421875
0 0.353515625 0.76171875 0.08984375 0.0693359375
0 0.251953125 0.6953125 0.1123046875 0.072265625
0 0.240234375 0.49609375 0.0888671875 0.0712890625
0 0.287109375 0.376953125 0.0849609375 0.0634765625
0 0.375 0.2890625 0.0849609375 0.0712890625
1 0.2216796875 0.3369140625 0.0810546875 0.0556640625
1 0.26953125 0.431640625 0.103515625 0.048828125
1 0.529296875 0.337890625 0.1025390625 0.0693359375
1 0.4267578125 0.4990234375 0.103515625 0.078125
1 0.3681640625 0.5927734375 0.099609375 0.0791015625
1 0.1875 0.56640625 0.0712890625 0.0859375
1 0.599609375 0.5712890625 0.1220703125 0.0712890625
1 0.8896484375 0.568359375 0.09375 0.0576171875
1 0.1689453125 0.83203125 0.1181640625 0.0908203125