0 0.46875 0.173828125 0.087890625 0.076171875
0 0.5634765625 0.197265625 0.0810546875 0.068359375
0 0.7255859375 0.19921875 0.09375 0.076171875
0 0.7177734375 0.294921875 0.06640625 0.0458984375
0 0.650390625 0.32421875 0.0791015625 0.0576171875
0 0.3564453125 0.2685546875 0.0810546875 0.0615234375
0 0.2685546875 0.359375 0.10546875 0.0537109375
0 0.525390625 0.4404296875 0.0888671875 0.0712890625
0 0.2119140625 0.4794921875 0.09375 0.0703125
0 0.2236328125 0.6845703125 0.103515625 0.08203125
0 0.3310546875 0.75 0.080078125 0.0810546875
0 0.5634765625 0.6767578125 0.1005859375 0.080078125
0 0.712890625 0.6640625 0.1044921875 0.068359375
0 0.7255859375 0.5654296875 0.1259765625 0.0927734375
0 0.853515625 0.6552734375 0.083984375 0.056640625
0 0.8193359375 0.7177734375 0.0859375 0.0771484375
0 0.5009765625 0.8701171875 0.1142578125 0.087890625
0 0.6416015625 0.4736328125 0.0888671875 0.06640625
0 0.8408203125 0.4638671875 0.0791015625 0.0673828125
0 0.763671875 0.373046875 0.1083984375 0.07421875
0 0.9208984375 0.35546875 0.111328125 0.0693359375
1 0.2158203125 0.33203125 0.0791015625 0.0498046875
1 0.5341796875 0.3330078125 0.0966796875 0.0703125
1 0.263671875 0.4228515625 0.099609375 0.056640625
1 0.412109375 0.5009765625 0.1064453125 0.0703125
1 0.3544921875 0.583984375 0.115234375 0.0712890625
1 0.1982421875 0.5732421875 0.095703125 0.0888671875
1 0.1533203125 0.8271484375 0.10546875 0.091796875
1 0.8984375 0.56640625 0.0703125 0.0546875
1 0.599609375 0.564453125 0.1181640625 0.0693359375