0 0.4541015625 0.1181640625 0.076171875 0.06640625
0 0.54296875 0.13671875 0.0810546875 0.064453125
0 0.7158203125 0.146484375 0.0869140625 0.0673828125
0 0.6435546875 0.28125 0.0712890625 0.05859375
0 0.6982421875 0.2470703125 0.076171875 0.0517578125
0 0.7548828125 0.322265625 0.0927734375 0.0634765625
0 0.9189453125 0.3076171875 0.0869140625 0.0732421875
0 0.5048828125 0.3935546875 0.08203125 0.0810546875
0 0.6181640625 0.421875 0.0888671875 0.06640625
0 0.8271484375 0.423828125 0.0751953125 0.0625
0 0.7080078125 0.5205078125 0.1044921875 0.0654296875
0 0.7021484375 0.6220703125 0.0986328125 0.0634765625
0 0.8203125 0.609375 0.0810546875 0.0595703125
0 0.7880859375 0.6708984375 0.076171875 0.076171875
0 0.5400390625 0.6318359375 0.107421875 0.08203125
0 0.193359375 0.6396484375 0.0947265625 0.0712890625
0 0.2958984375 0.7080078125 0.10546875 0.0712890625
0 0.4638671875 0.814453125 0.0947265625 0.080078125
0 0.1787109375 0.4326171875 0.076171875 0.0673828125
0 0.236328125 0.310546875 0.0888671875 0.0576171875
0 0.32421875 0.2177734375 0.0810546875 0.060546875
1 0.1552734375 0.2626953125 0.115234375 0.0634765625
1 0.498046875 0.267578125 0.0986328125 0.076171875
1 0.375 0.4482421875 0.158203125 0.0830078125
1 0.2138671875 0.361328125 0.107421875 0.0654296875
1 0.150390625 0.5068359375 0.1162109375 0.0625
1 0.3076171875 0.537109375 0.1162109375 0.0712890625
1 0.1142578125 0.775390625 0.1181640625 0.0927734375
1 0.58203125 0.5234375 0.1220703125 0.0849609375
1 0.8828125 0.5283203125 0.1025390625 0.0751953125