0 0.46875 0.1103515625 0.09375 0.0751953125
0 0.5693359375 0.1357421875 0.09375 0.0810546875
0 0.736328125 0.140625 0.111328125 0.0673828125
0 0.341796875 0.212890625 0.0908203125 0.0576171875
0 0.2431640625 0.3076171875 0.09375 0.0576171875
0 0.185546875 0.4306640625 0.08984375 0.060546875
0 0.2158203125 0.642578125 0.111328125 0.10546875
0 0.3173828125 0.705078125 0.109375 0.0810546875
0 0.55078125 0.6279296875 0.109375 0.0810546875
0 0.4892578125 0.830078125 0.0986328125 0.0693359375
0 0.7265625 0.6142578125 0.0966796875 0.0947265625
0 0.8525390625 0.6181640625 0.0830078125 0.0595703125
0 0.8134765625 0.6787109375 0.095703125 0.076171875
0 0.7412109375 0.529296875 0.125 0.076171875
0 0.6513671875 0.4345703125 0.1123046875 0.07421875
0 0.84765625 0.41796875 0.080078125 0.0537109375
0 0.947265625 0.306640625 0.10546875 0.06640625
0 0.7861328125 0.32421875 0.1103515625 0.0751953125
0 0.5205078125 0.388671875 0.0966796875 0.0693359375
0 0.662109375 0.2783203125 0.08203125 0.060546875
0 0.724609375 0.2412109375 0.1015625 0.0576171875
1 0.517578125 0.2666015625 0.09375 0.0732421875
1 0.1748046875 0.2626953125 0.0927734375 0.0576171875
1 0.2216796875 0.3662109375 0.1083984375 0.0537109375
1 0.38671875 0.4462890625 0.095703125 0.0712890625
1 0.1357421875 0.51171875 0.0791015625 0.0810546875
1 0.318359375 0.533203125 0.0869140625 0.076171875
1 0.109375 0.78125 0.099609375 0.0859375
1 0.59375 0.51953125 0.083984375 0.0595703125
1 0.8896484375 0.515625 0.080078125 0.0576171875