0 0.8115234375 0.3701171875 0.1162109375 0.1484375
0 0.3017578125 0.3291015625 0.1328125 0.177734375
0 0.3779296875 0.828125 0.1220703125 0.1767578125
0 0.50390625 0.6845703125 0.1083984375 0.1474609375
0 0.6845703125 0.5576171875 0.109375 0.1640625
0 0.62890625 0.837890625 0.146484375 0.1875
0 0.666015625 0.21875 0.1103515625 0.2255859375
1 0.466796875 0.486328125 0.1171875 0.1416015625
0 0.123046875 0.408203125 0.11328125 0.1728515625
0 0.1748046875 0.615234375 0.1044921875 0.1474609375
0 0.46484375 0.1689453125 0.1396484375 0.1767578125