0 0.080078125 0.376953125 0.0849609375 0.0546875
0 0.2568359375 0.30859375 0.07421875 0.0498046875
0 0.2275390625 0.365234375 0.0673828125 0.0517578125
0 0.35546875 0.3193359375 0.0751953125 0.0537109375
0 0.466796875 0.3623046875 0.083984375 0.060546875
0 0.56640625 0.3125 0.0859375 0.06640625
0 0.6640625 0.29296875 0.0849609375 0.052734375
0 0.728515625 0.3359375 0.060546875 0.0517578125
0 0.83984375 0.3984375 0.083984375 0.0712890625
0 0.7421875 0.423828125 0.0712890625 0.0537109375
0 0.5673828125 0.4072265625 0.0869140625 0.0556640625
0 0.6533203125 0.4296875 0.072265625 0.0615234375
0 0.6962890625 0.5009765625 0.0751953125 0.0625
0 0.78125 0.470703125 0.078125 0.0634765625
0 0.861328125 0.48828125 0.0791015625 0.0517578125
0 0.94140625 0.53515625 0.072265625 0.064453125
0 0.380859375 0.41796875 0.0654296875 0.060546875
0 0.4453125 0.4736328125 0.06640625 0.05859375
0 0.525390625 0.4599609375 0.0732421875 0.0390625
0 0.55078125 0.498046875 0.0615234375 0.04296875
0 0.5654296875 0.5634765625 0.0703125 0.06640625
0 0.6640625 0.5810546875 0.0546875 0.0537109375
0 0.8173828125 0.5791015625 0.07421875 0.0615234375
0 0.1591796875 0.455078125 0.0810546875 0.0517578125
0 0.34375 0.5087890625 0.0654296875 0.0537109375
0 0.26953125 0.5498046875 0.0703125 0.0556640625
0 0.3359375 0.5732421875 0.06640625 0.044921875
0 0.376953125 0.6201171875 0.0634765625 0.044921875
0 0.3134765625 0.6298828125 0.0654296875 0.0439453125
0 0.1630859375 0.623046875 0.0693359375 0.056640625
0 0.0751953125 0.62890625 0.076171875 0.0517578125
0 0.119140625 0.6787109375 0.0771484375 0.0517578125
0 0.2939453125 0.67578125 0.07421875 0.0517578125
0 0.2099609375 0.7724609375 0.0703125 0.0595703125
0 0.1279296875 0.8212890625 0.10546875 0.0634765625
0 0.3544921875 0.82421875 0.080078125 0.0673828125
0 0.330078125 0.7353515625 0.08203125 0.080078125
0 0.5 0.8056640625 0.0830078125 0.068359375
0 0.65234375 0.7431640625 0.080078125 0.0517578125
0 0.8720703125 0.7099609375 0.091796875 0.060546875
0 0.662109375 0.6787109375 0.078125 0.0595703125
0 0.5859375 0.6884765625 0.0732421875 0.060546875
0 0.4345703125 0.712890625 0.0791015625 0.0576171875
0 0.5078125 0.6669921875 0.068359375 0.0595703125
0 0.51953125 0.6123046875 0.076171875 0.05078125
1 0.755859375 0.6787109375 0.0712890625 0.0634765625
1 0.7373046875 0.6162109375 0.0849609375 0.0712890625
1 0.44140625 0.5634765625 0.068359375 0.0615234375
1 0.1396484375 0.5615234375 0.1015625 0.0634765625
1 0.3095703125 0.421875 0.078125 0.0732421875