0 0.4697265625 0.16015625 0.0732421875 0.06640625
0 0.5615234375 0.1806640625 0.068359375 0.0556640625
0 0.7236328125 0.189453125 0.087890625 0.0654296875
0 0.3486328125 0.25 0.0849609375 0.05859375
0 0.2626953125 0.34375 0.0751953125 0.0556640625
0 0.20703125 0.466796875 0.0830078125 0.0625
0 0.21875 0.6630859375 0.099609375 0.072265625
0 0.3291015625 0.732421875 0.080078125 0.0693359375
0 0.494140625 0.8466796875 0.0947265625 0.078125
0 0.5498046875 0.654296875 0.0947265625 0.0703125
0 0.71484375 0.646484375 0.083984375 0.0595703125
0 0.8447265625 0.6376953125 0.08203125 0.0556640625
0 0.8046875 0.6953125 0.0869140625 0.064453125
0 0.7265625 0.548828125 0.0908203125 0.068359375
0 0.8291015625 0.451171875 0.072265625 0.060546875
0 0.638671875 0.45703125 0.07421875 0.0654296875
0 0.515625 0.421875 0.072265625 0.0615234375
0 0.658203125 0.31640625 0.068359375 0.0517578125
0 0.71875 0.283203125 0.076171875 0.0537109375
0 0.765625 0.357421875 0.0693359375 0.0556640625
0 0.92578125 0.33984375 0.0771484375 0.0615234375
1 0.1875 0.3017578125 0.080078125 0.0576171875
1 0.24609375 0.396484375 0.1025390625 0.0537109375
1 0.513671875 0.3017578125 0.0908203125 0.064453125
1 0.3955078125 0.47265625 0.1083984375 0.07421875
1 0.328125 0.5576171875 0.09765625 0.056640625
1 0.595703125 0.5498046875 0.08203125 0.0703125
1 0.876953125 0.5419921875 0.0849609375 0.0419921875
1 0.1416015625 0.8037109375 0.1015625 0.1005859375
1 0.154296875 0.5341796875 0.0830078125 0.072265625