0 0.130859375 0.4013671875 0.126953125 0.13671875
0 0.302734375 0.3330078125 0.1044921875 0.17578125
0 0.4501953125 0.16796875 0.1220703125 0.16015625
0 0.654296875 0.2353515625 0.1171875 0.1279296875
0 0.798828125 0.3818359375 0.111328125 0.169921875
0 0.677734375 0.529296875 0.1240234375 0.1708984375
0 0.171875 0.607421875 0.119140625 0.1455078125
0 0.486328125 0.6689453125 0.087890625 0.12890625
0 0.6142578125 0.8369140625 0.1142578125 0.1416015625
0 0.35546875 0.7841796875 0.134765625 0.16015625
1 0.4619140625 0.470703125 0.12109375 0.14453125