1 0.4501953125 0.4814453125 0.09765625 0.1298828125
0 0.447265625 0.1748046875 0.1103515625 0.16796875
0 0.640625 0.248046875 0.1357421875 0.154296875
0 0.779296875 0.3798828125 0.1044921875 0.1767578125
0 0.310546875 0.330078125 0.125 0.1240234375
0 0.140625 0.412109375 0.1259765625 0.17578125
0 0.1728515625 0.6005859375 0.1171875 0.1318359375
0 0.484375 0.662109375 0.12109375 0.130859375
0 0.654296875 0.5361328125 0.08984375 0.13671875
0 0.3662109375 0.7880859375 0.08984375 0.123046875
0 0.5908203125 0.8173828125 0.1162109375 0.1435546875