0 0.671875 0.3046875 0.0576171875 0.044921875
0 0.5771484375 0.3203125 0.064453125 0.060546875
0 0.3818359375 0.330078125 0.060546875 0.046875
0 0.2919921875 0.3203125 0.0751953125 0.05078125
0 0.2626953125 0.3720703125 0.078125 0.0478515625
0 0.130859375 0.3837890625 0.0791015625 0.0576171875
0 0.2021484375 0.4580078125 0.060546875 0.05078125
0 0.4970703125 0.3759765625 0.072265625 0.041015625
0 0.7294921875 0.34765625 0.068359375 0.05078125
0 0.8330078125 0.4013671875 0.068359375 0.0546875
0 0.7841796875 0.470703125 0.072265625 0.056640625
0 0.859375 0.478515625 0.0654296875 0.0419921875
0 0.9326171875 0.5302734375 0.080078125 0.05859375
0 0.5849609375 0.4072265625 0.0556640625 0.0634765625
0 0.66015625 0.43359375 0.0595703125 0.0478515625
0 0.74609375 0.421875 0.0595703125 0.04296875
0 0.703125 0.4921875 0.080078125 0.0537109375
0 0.826171875 0.5673828125 0.0703125 0.0419921875
0 0.861328125 0.68359375 0.0712890625 0.0546875
0 0.5908203125 0.5537109375 0.072265625 0.052734375
0 0.671875 0.572265625 0.0556640625 0.048828125
0 0.5673828125 0.4951171875 0.052734375 0.0380859375
0 0.5458984375 0.45703125 0.0732421875 0.0380859375
0 0.404296875 0.419921875 0.0595703125 0.0478515625
0 0.4609375 0.474609375 0.056640625 0.0537109375
0 0.3671875 0.5029296875 0.0751953125 0.048828125
0 0.2998046875 0.5517578125 0.0810546875 0.04296875
0 0.2109375 0.609375 0.064453125 0.046875
0 0.1298828125 0.6142578125 0.0595703125 0.0498046875
0 0.173828125 0.666015625 0.0859375 0.0498046875
0 0.2548828125 0.751953125 0.078125 0.0615234375
0 0.1796875 0.798828125 0.0625 0.060546875
0 0.3935546875 0.7978515625 0.0537109375 0.0615234375
0 0.3720703125 0.7119140625 0.0927734375 0.056640625
0 0.46875 0.6923828125 0.0517578125 0.0654296875
0 0.3212890625 0.6611328125 0.0966796875 0.041015625
0 0.3447265625 0.6142578125 0.056640625 0.04296875
0 0.412109375 0.611328125 0.05859375 0.041015625
0 0.3828125 0.5703125 0.072265625 0.03515625
0 0.5478515625 0.603515625 0.07421875 0.0478515625
0 0.5302734375 0.654296875 0.068359375 0.0341796875
0 0.533203125 0.775390625 0.064453125 0.0625
0 0.6103515625 0.6767578125 0.0625 0.0517578125
0 0.6689453125 0.7216796875 0.0810546875 0.041015625
0 0.6845703125 0.6708984375 0.0625 0.0576171875
1 0.7431640625 0.591796875 0.0712890625 0.0537109375
1 0.7666015625 0.6552734375 0.0517578125 0.0634765625
1 0.470703125 0.548828125 0.056640625 0.0595703125
1 0.34375 0.41796875 0.0546875 0.056640625
1 0.1845703125 0.55078125 0.07421875 0.04296875