0 0.451171875 0.1201171875 0.078125 0.07421875
0 0.5390625 0.138671875 0.0830078125 0.0556640625
0 0.708984375 0.1416015625 0.08203125 0.06640625
0 0.7060546875 0.2470703125 0.0849609375 0.05859375
0 0.7548828125 0.32421875 0.080078125 0.0654296875
0 0.9140625 0.3095703125 0.091796875 0.0595703125
0 0.6416015625 0.2763671875 0.072265625 0.0458984375
0 0.2412109375 0.3095703125 0.0654296875 0.0517578125
0 0.50390625 0.38671875 0.072265625 0.0673828125
0 0.6220703125 0.4248046875 0.0849609375 0.0546875
0 0.822265625 0.4189453125 0.083984375 0.0556640625
0 0.71484375 0.5224609375 0.0947265625 0.06640625
0 0.8251953125 0.609375 0.0849609375 0.0576171875
0 0.7861328125 0.6708984375 0.08203125 0.0791015625
0 0.705078125 0.6201171875 0.0869140625 0.068359375
0 0.533203125 0.625 0.0947265625 0.078125
0 0.189453125 0.6337890625 0.1201171875 0.0703125
0 0.3076171875 0.7041015625 0.095703125 0.078125
0 0.4765625 0.818359375 0.0830078125 0.0693359375
0 0.1826171875 0.4375 0.0947265625 0.0693359375
0 0.33203125 0.216796875 0.080078125 0.0576171875
1 0.1630859375 0.259765625 0.1318359375 0.0576171875
1 0.5029296875 0.2646484375 0.1240234375 0.083984375
1 0.2197265625 0.3623046875 0.0927734375 0.0498046875
1 0.3818359375 0.4453125 0.1005859375 0.078125
1 0.318359375 0.5185546875 0.109375 0.06640625
1 0.1298828125 0.5068359375 0.126953125 0.0673828125
1 0.5830078125 0.5234375 0.0859375 0.087890625
1 0.1083984375 0.7724609375 0.1259765625 0.0849609375
1 0.8681640625 0.5166015625 0.1181640625 0.0595703125