0 0.4580078125 0.1201171875 0.08984375 0.080078125
0 0.552734375 0.134765625 0.0771484375 0.06640625
0 0.734375 0.14453125 0.12109375 0.0771484375
0 0.9453125 0.3125 0.109375 0.0634765625
0 0.65234375 0.27734375 0.08203125 0.0615234375
0 0.716796875 0.24609375 0.0869140625 0.0478515625
0 0.7705078125 0.3232421875 0.099609375 0.0712890625
0 0.837890625 0.4150390625 0.0859375 0.064453125
0 0.6376953125 0.4287109375 0.10546875 0.068359375
0 0.5166015625 0.39453125 0.078125 0.072265625
0 0.240234375 0.310546875 0.0810546875 0.060546875
0 0.1845703125 0.4345703125 0.0947265625 0.0771484375
0 0.1943359375 0.642578125 0.125 0.07421875
0 0.3037109375 0.7109375 0.111328125 0.07421875
0 0.54296875 0.6328125 0.1025390625 0.0849609375
0 0.478515625 0.8349609375 0.1201171875 0.0791015625
0 0.716796875 0.623046875 0.0859375 0.07421875
0 0.84375 0.611328125 0.0966796875 0.0615234375
0 0.8095703125 0.6787109375 0.083984375 0.078125
0 0.73046875 0.5263671875 0.0966796875 0.06640625
0 0.3388671875 0.2197265625 0.1083984375 0.06640625
1 0.166015625 0.263671875 0.0947265625 0.0625
1 0.5 0.2646484375 0.1005859375 0.0576171875
1 0.21875 0.369140625 0.09765625 0.0517578125
1 0.390625 0.4482421875 0.0888671875 0.087890625
1 0.3125 0.5302734375 0.1025390625 0.0693359375
1 0.130859375 0.51171875 0.078125 0.072265625
1 0.119140625 0.7841796875 0.11328125 0.095703125
1 0.5947265625 0.5205078125 0.09375 0.0625
1 0.8896484375 0.521484375 0.1103515625 0.0556640625