0 0.4951171875 0.0966796875 0.1181640625 0.126953125
0 0.3154296875 0.29296875 0.0986328125 0.138671875
0 0.09765625 0.3837890625 0.1484375 0.142578125
0 0.16796875 0.6416015625 0.125 0.216796875
0 0.400390625 0.8447265625 0.1298828125 0.1416015625
0 0.5380859375 0.6982421875 0.109375 0.134765625
0 0.6884765625 0.890625 0.1328125 0.1630859375
0 0.7666015625 0.5361328125 0.134765625 0.1591796875
0 0.9111328125 0.318359375 0.1767578125 0.19140625
0 0.7373046875 0.177734375 0.126953125 0.185546875
1 0.4853515625 0.4765625 0.1201171875 0.1240234375