0 0.2236328125 0.4931640625 0.15625 0.123046875
0 0.107421875 0.7197265625 0.1689453125 0.0947265625
0 0.34375 0.6044921875 0.107421875 0.083984375
0 0.55078125 0.662109375 0.1318359375 0.068359375
0 0.6279296875 0.49609375 0.146484375 0.0791015625
0 0.6533203125 0.326171875 0.140625 0.1220703125
0 0.7880859375 0.4560546875 0.1279296875 0.1044921875
0 0.6064453125 0.58203125 0.1044921875 0.0712890625
1 0.7421875 0.59375 0.1513671875 0.0869140625
1 0.40625 0.7216796875 0.08984375 0.0869140625
1 0.384765625 0.392578125 0.1416015625 0.095703125