0 0.408203125 0.296875 0.0751953125 0.056640625
0 0.638671875 0.30078125 0.0859375 0.064453125
0 0.7529296875 0.2841796875 0.0634765625 0.064453125
0 0.818359375 0.328125 0.06640625 0.0595703125
0 0.296875 0.283203125 0.1025390625 0.056640625
0 0.265625 0.341796875 0.087890625 0.0478515625
0 0.0888671875 0.3583984375 0.138671875 0.0751953125
0 0.181640625 0.4287109375 0.06640625 0.0517578125
0 0.43359375 0.4072265625 0.078125 0.048828125
0 0.5234375 0.3583984375 0.091796875 0.0419921875
0 0.65234375 0.4248046875 0.06640625 0.052734375
0 0.5 0.4697265625 0.0576171875 0.0517578125
0 0.5927734375 0.4619140625 0.064453125 0.0439453125
0 0.611328125 0.5068359375 0.0927734375 0.0498046875
0 0.400390625 0.5087890625 0.1083984375 0.048828125
0 0.865234375 0.48046875 0.0673828125 0.056640625
0 0.9384765625 0.4775390625 0.072265625 0.0576171875
0 0.3037109375 0.5537109375 0.080078125 0.052734375
0 0.3857421875 0.58203125 0.078125 0.0478515625
0 0.3447265625 0.6337890625 0.0791015625 0.046875
0 0.421875 0.6279296875 0.0712890625 0.0419921875
0 0.17578125 0.6171875 0.095703125 0.0634765625
0 0.0751953125 0.6259765625 0.08203125 0.0712890625
0 0.130859375 0.6875 0.0703125 0.0634765625
0 0.3232421875 0.6845703125 0.103515625 0.05859375
0 0.3564453125 0.7548828125 0.0859375 0.064453125
0 0.4775390625 0.7314453125 0.0771484375 0.0703125
0 0.548828125 0.845703125 0.09765625 0.0703125
0 0.375 0.8525390625 0.107421875 0.0576171875
0 0.220703125 0.7890625 0.046875 0.0703125
0 0.134765625 0.8310546875 0.0849609375 0.064453125
0 0.578125 0.6279296875 0.0859375 0.064453125
0 0.6220703125 0.5703125 0.0732421875 0.0537109375
1 0.4912109375 0.560546875 0.0478515625 0.0595703125
1 0.1552734375 0.556640625 0.08984375 0.041015625
1 0.068359375 0.4580078125 0.0712890625 0.0673828125
1 0.35546875 0.40625 0.078125 0.068359375
1 0.5234375 0.3046875 0.09375 0.052734375
1 0.884765625 0.3447265625 0.0517578125 0.056640625
1 0.7470703125 0.447265625 0.07421875 0.0576171875
0 0.7529296875 0.5419921875 0.056640625 0.046875
1 0.6943359375 0.5830078125 0.05078125 0.0615234375
0 0.5595703125 0.6875 0.0654296875 0.048828125
0 0.6455078125 0.7138671875 0.0615234375 0.060546875
0 0.716796875 0.7080078125 0.0693359375 0.0498046875
0 0.7060546875 0.767578125 0.05859375 0.0478515625
0 0.9013671875 0.603515625 0.076171875 0.0478515625
0 0.9404296875 0.740234375 0.0830078125 0.078125
1 0.8154296875 0.6376953125 0.0732421875 0.0537109375
1 0.8125 0.703125 0.09765625 0.0458984375