0 0.521484375 0.1328125 0.0693359375 0.0546875
0 0.419921875 0.173828125 0.08203125 0.0546875
0 0.6533203125 0.212890625 0.0810546875 0.05078125
0 0.4130859375 0.2529296875 0.076171875 0.05078125
0 0.609375 0.318359375 0.0859375 0.064453125
0 0.6845703125 0.2900390625 0.083984375 0.0556640625
0 0.8095703125 0.279296875 0.0830078125 0.0615234375
0 0.8876953125 0.353515625 0.0849609375 0.0625
0 0.5927734375 0.4033203125 0.0712890625 0.0458984375
0 0.748046875 0.41015625 0.068359375 0.0478515625
0 0.71875 0.455078125 0.076171875 0.0517578125
0 0.4912109375 0.4814453125 0.083984375 0.068359375
0 0.38671875 0.4033203125 0.07421875 0.056640625
0 0.26953125 0.388671875 0.080078125 0.044921875
0 0.0966796875 0.4736328125 0.0859375 0.05859375
0 0.123046875 0.7265625 0.0751953125 0.0634765625
0 0.2978515625 0.736328125 0.0869140625 0.05859375
0 0.6650390625 0.6787109375 0.09765625 0.0673828125
1 0.16015625 0.3369140625 0.11328125 0.0546875
1 0.216796875 0.44140625 0.0751953125 0.0634765625
1 0.4921875 0.259765625 0.07421875 0.0732421875
1 0.3662109375 0.525390625 0.1005859375 0.0673828125
1 0.2158203125 0.517578125 0.09765625 0.0615234375
1 0.1357421875 0.572265625 0.0732421875 0.0732421875
1 0.3046875 0.57421875 0.083984375 0.0546875
1 0.4697265625 0.6396484375 0.0869140625 0.0712890625
1 0.783203125 0.5302734375 0.0791015625 0.0595703125
1 0.9072265625 0.5283203125 0.095703125 0.0810546875
1 0.4462890625 0.8017578125 0.1044921875 0.0654296875
1 0.1328125 0.828125 0.109375 0.076171875