0 0.5859375 0.087890625 0.09375 0.06640625
0 0.8623046875 0.095703125 0.0966796875 0.0693359375
0 0.3984375 0.2041015625 0.0888671875 0.068359375
0 0.2236328125 0.2802734375 0.0927734375 0.0703125
0 0.4765625 0.3857421875 0.0859375 0.0654296875
0 0.111328125 0.453125 0.0908203125 0.076171875
0 0.3193359375 0.53515625 0.115234375 0.0791015625
0 0.0810546875 0.6611328125 0.083984375 0.068359375
0 0.4150390625 0.6533203125 0.0908203125 0.0791015625
0 0.57421875 0.6103515625 0.0869140625 0.07421875
0 0.55859375 0.751953125 0.091796875 0.0712890625
0 0.2001953125 0.83203125 0.103515625 0.0810546875
0 0.873046875 0.8271484375 0.0810546875 0.06640625
0 0.8974609375 0.6025390625 0.080078125 0.0751953125
0 0.9248046875 0.470703125 0.0849609375 0.0634765625
0 0.751953125 0.3701171875 0.0791015625 0.0595703125
0 0.8662109375 0.2939453125 0.099609375 0.07421875
0 0.7587890625 0.2373046875 0.0859375 0.06640625
1 0.595703125 0.265625 0.140625 0.08984375
1 0.77734375 0.66015625 0.1123046875 0.1591796875