0 0.513671875 0.2822265625 0.083984375 0.076171875
0 0.36328125 0.3466796875 0.08203125 0.052734375
0 0.154296875 0.2822265625 0.1416015625 0.0869140625
0 0.228515625 0.43359375 0.09765625 0.0546875
0 0.4267578125 0.4384765625 0.0546875 0.0537109375
0 0.416015625 0.494140625 0.0458984375 0.04296875
0 0.3935546875 0.544921875 0.064453125 0.0390625
0 0.4736328125 0.5380859375 0.072265625 0.0517578125
0 0.48046875 0.47265625 0.05859375 0.046875
0 0.1162109375 0.5341796875 0.0712890625 0.0478515625
0 0.125 0.6220703125 0.06640625 0.0517578125
0 0.208984375 0.7236328125 0.0712890625 0.048828125
0 0.2802734375 0.736328125 0.0556640625 0.044921875
0 0.2373046875 0.7724609375 0.068359375 0.0478515625
0 0.328125 0.7861328125 0.0771484375 0.0380859375
1 0.2841796875 0.822265625 0.0791015625 0.0478515625
1 0.2724609375 0.642578125 0.0576171875 0.0625
1 0.0546875 0.693359375 0.0517578125 0.0419921875
1 0.345703125 0.62890625 0.0546875 0.0625
1 0.603515625 0.4287109375 0.0654296875 0.0517578125
1 0.705078125 0.41796875 0.07421875 0.041015625
1 0.7001953125 0.47265625 0.0849609375 0.0439453125
0 0.599609375 0.5244140625 0.0576171875 0.05078125
0 0.5478515625 0.587890625 0.0615234375 0.048828125
0 0.6376953125 0.568359375 0.0634765625 0.0380859375
0 0.67578125 0.6123046875 0.06640625 0.0498046875
0 0.75390625 0.669921875 0.06640625 0.0478515625
0 0.94921875 0.66015625 0.0810546875 0.0478515625
0 0.455078125 0.6943359375 0.087890625 0.046875
0 0.548828125 0.7529296875 0.0693359375 0.052734375
0 0.52734375 0.828125 0.0751953125 0.0576171875
0 0.8056640625 0.515625 0.0556640625 0.0498046875
0 0.8017578125 0.3896484375 0.0712890625 0.0498046875
0 0.7939453125 0.3427734375 0.07421875 0.044921875
0 0.900390625 0.4423828125 0.0537109375 0.048828125
0 0.84765625 0.4716796875 0.0732421875 0.044921875
0 0.8583984375 0.55078125 0.064453125 0.041015625
1 0.4091796875 0.22265625 0.07421875 0.0439453125
1 0.3125 0.2578125 0.064453125 0.060546875
1 0.5654296875 0.2099609375 0.07421875 0.05078125
1 0.3076171875 0.458984375 0.0693359375 0.05078125
1 0.322265625 0.51953125 0.0703125 0.0439453125
1 0.44140625 0.78515625 0.0498046875 0.0576171875
1 0.4921875 0.759765625 0.0498046875 0.0625
1 0.736328125 0.5673828125 0.0859375 0.052734375
1 0.814453125 0.6611328125 0.0537109375 0.0556640625
1 0.8837890625 0.7099609375 0.0625 0.0615234375
1 0.9345703125 0.5068359375 0.08984375 0.0478515625
1 0.6689453125 0.8740234375 0.083984375 0.0810546875