0 0.48828125 0.2978515625 0.0849609375 0.05859375
0 0.1884765625 0.2578125 0.087890625 0.0478515625
0 0.3525390625 0.3486328125 0.0712890625 0.0498046875
0 0.4072265625 0.390625 0.0576171875 0.044921875
0 0.4931640625 0.4404296875 0.072265625 0.044921875
0 0.7509765625 0.37109375 0.072265625 0.0615234375
0 0.39453125 0.4638671875 0.0791015625 0.0517578125
0 0.232421875 0.4267578125 0.0654296875 0.05078125
0 0.53125 0.505859375 0.06640625 0.0576171875
0 0.7958984375 0.486328125 0.06640625 0.05078125
0 0.806640625 0.423828125 0.068359375 0.052734375
0 0.88671875 0.4638671875 0.0625 0.06640625
0 0.8017578125 0.548828125 0.0625 0.056640625
0 0.4306640625 0.5703125 0.0732421875 0.060546875
0 0.517578125 0.634765625 0.0576171875 0.0595703125
0 0.41796875 0.671875 0.0732421875 0.052734375
0 0.1220703125 0.591796875 0.06640625 0.052734375
0 0.15625 0.6552734375 0.0830078125 0.0458984375
0 0.1494140625 0.732421875 0.08984375 0.068359375
0 0.2587890625 0.7099609375 0.0732421875 0.05078125
0 0.3427734375 0.833984375 0.0927734375 0.06640625
0 0.482421875 0.8037109375 0.095703125 0.06640625
0 0.931640625 0.642578125 0.095703125 0.0791015625
0 0.63671875 0.6181640625 0.0771484375 0.0693359375
1 0.55078125 0.2421875 0.0703125 0.0458984375
1 0.404296875 0.240234375 0.0751953125 0.044921875
1 0.32421875 0.27734375 0.0673828125 0.060546875
1 0.25390625 0.357421875 0.0908203125 0.0693359375
1 0.0537109375 0.3671875 0.0986328125 0.0546875
1 0.099609375 0.45703125 0.0654296875 0.041015625
1 0.65234375 0.3427734375 0.0673828125 0.0498046875
1 0.5625 0.4326171875 0.06640625 0.0703125
0 0.1123046875 0.51171875 0.064453125 0.05078125
1 0.2939453125 0.4541015625 0.064453125 0.05078125
1 0.28515625 0.5390625 0.0693359375 0.048828125
1 0.189453125 0.56640625 0.0693359375 0.0517578125
1 0.255859375 0.6162109375 0.0634765625 0.0537109375
1 0.3271484375 0.6044921875 0.048828125 0.0595703125
1 0.048828125 0.6552734375 0.0625 0.0546875
1 0.3974609375 0.75 0.0498046875 0.048828125
1 0.453125 0.736328125 0.0546875 0.064453125
1 0.216796875 0.853515625 0.0810546875 0.0634765625
1 0.6640625 0.4287109375 0.0634765625 0.04296875
1 0.662109375 0.474609375 0.0673828125 0.0517578125
1 0.6962890625 0.53515625 0.0693359375 0.0517578125
1 0.7373046875 0.6357421875 0.0712890625 0.07421875
1 0.8037109375 0.693359375 0.064453125 0.0625
1 0.724609375 0.8076171875 0.095703125 0.0751953125
1 0.6044921875 0.8525390625 0.09765625 0.0947265625
1 0.9443359375 0.552734375 0.1103515625 0.0673828125