0 0.2939453125 0.3330078125 0.1015625 0.12109375
0 0.4501953125 0.1708984375 0.091796875 0.14453125
0 0.6572265625 0.2294921875 0.0888671875 0.1318359375
0 0.1025390625 0.419921875 0.1181640625 0.1533203125
0 0.166015625 0.63671875 0.083984375 0.1376953125
0 0.482421875 0.6982421875 0.1240234375 0.1083984375
0 0.6845703125 0.55859375 0.111328125 0.1337890625
0 0.810546875 0.388671875 0.11328125 0.14453125
0 0.6201171875 0.8759765625 0.1123046875 0.140625
0 0.3798828125 0.830078125 0.1142578125 0.1220703125
1 0.4384765625 0.5 0.123046875 0.1171875