0 0.4423828125 0.2177734375 0.0810546875 0.0625
0 0.21875 0.3076171875 0.09765625 0.078125
0 0.1103515625 0.4833984375 0.0888671875 0.072265625
0 0.0595703125 0.6787109375 0.0947265625 0.0712890625
0 0.326171875 0.5625 0.1171875 0.0771484375
0 0.646484375 0.4638671875 0.0888671875 0.0654296875
0 0.8818359375 0.5439453125 0.0849609375 0.0556640625
0 0.8876953125 0.642578125 0.0830078125 0.0771484375
0 0.74609375 0.810546875 0.0791015625 0.068359375
0 0.572265625 0.8203125 0.09375 0.0751953125
0 0.1650390625 0.8291015625 0.1005859375 0.087890625
0 0.8583984375 0.2822265625 0.0849609375 0.05859375
1 0.7099609375 0.1982421875 0.1298828125 0.11328125
1 0.560546875 0.3232421875 0.1689453125 0.125
1 0.3408203125 0.4345703125 0.1650390625 0.10546875
1 0.5400390625 0.58984375 0.115234375 0.1123046875
1 0.3212890625 0.7373046875 0.1455078125 0.1103515625
1 0.42578125 0.88671875 0.1435546875 0.1416015625
1 0.6904296875 0.658203125 0.1845703125 0.130859375
1 0.8154296875 0.41015625 0.1826171875 0.0859375