0 0.45703125 0.1845703125 0.0478515625 0.06640625
0 0.5400390625 0.1552734375 0.0537109375 0.0703125
0 0.388671875 0.3251953125 0.0478515625 0.0712890625
0 0.4658203125 0.3173828125 0.0634765625 0.0712890625
0 0.5302734375 0.2890625 0.052734375 0.0771484375
0 0.6611328125 0.2421875 0.06640625 0.0712890625
0 0.791015625 0.302734375 0.0615234375 0.0791015625
0 0.6328125 0.33203125 0.048828125 0.0615234375
0 0.564453125 0.396484375 0.048828125 0.0654296875
0 0.7001953125 0.4111328125 0.0517578125 0.0693359375
0 0.806640625 0.4248046875 0.0654296875 0.0625
0 0.3466796875 0.439453125 0.052734375 0.0849609375
0 0.478515625 0.4453125 0.046875 0.056640625
0 0.5986328125 0.5224609375 0.05078125 0.0712890625
0 0.4052734375 0.505859375 0.044921875 0.0712890625
0 0.4697265625 0.533203125 0.044921875 0.0732421875
0 0.30078125 0.5126953125 0.0498046875 0.064453125
0 0.2646484375 0.5859375 0.0498046875 0.0634765625
0 0.3359375 0.6142578125 0.0556640625 0.068359375
0 0.2861328125 0.69140625 0.0458984375 0.06640625
0 0.2080078125 0.7607421875 0.0625 0.07421875
0 0.2890625 0.8154296875 0.056640625 0.0703125
0 0.3828125 0.736328125 0.0478515625 0.0703125
0 0.4755859375 0.7021484375 0.05078125 0.0634765625
0 0.630859375 0.623046875 0.0537109375 0.064453125
0 0.7646484375 0.6640625 0.0498046875 0.060546875
0 0.8095703125 0.728515625 0.0546875 0.080078125
0 0.587890625 0.7666015625 0.046875 0.0712890625
0 0.3671875 0.931640625 0.056640625 0.08203125
0 0.677734375 0.7861328125 0.052734375 0.068359375
0 0.7421875 0.7939453125 0.0546875 0.06640625
0 0.7978515625 0.865234375 0.0693359375 0.06640625
1 0.6025390625 0.0849609375 0.0576171875 0.103515625
1 0.7197265625 0.0888671875 0.0625 0.1083984375
1 0.3623046875 0.208984375 0.0791015625 0.087890625
1 0.2783203125 0.4267578125 0.0849609375 0.1083984375
1 0.529296875 0.7626953125 0.05859375 0.0712890625
1 0.763671875 0.5712890625 0.080078125 0.1005859375
1 0.4228515625 0.8974609375 0.0634765625 0.078125
1 0.583984375 0.9384765625 0.11328125 0.123046875