0 0.38671875 0.2216796875 0.0859375 0.05859375
0 0.1962890625 0.3037109375 0.1044921875 0.0673828125
0 0.779296875 0.2578125 0.0830078125 0.0595703125
0 0.587890625 0.439453125 0.080078125 0.05859375
0 0.30078125 0.5322265625 0.1005859375 0.0654296875
0 0.072265625 0.6376953125 0.0830078125 0.0595703125
0 0.16796875 0.763671875 0.0986328125 0.0654296875
0 0.5341796875 0.76171875 0.08203125 0.0693359375
0 0.70703125 0.755859375 0.078125 0.060546875
0 0.9560546875 0.5732421875 0.0869140625 0.0673828125
1 0.6259765625 0.2041015625 0.134765625 0.08984375
1 0.5 0.302734375 0.1171875 0.09375
1 0.330078125 0.416015625 0.1669921875 0.064453125
1 0.0556640625 0.4755859375 0.0986328125 0.0888671875
1 0.3125 0.6904296875 0.1025390625 0.0791015625
1 0.4013671875 0.8212890625 0.1005859375 0.0859375
1 0.4912109375 0.5478515625 0.0791015625 0.068359375
1 0.626953125 0.6103515625 0.1396484375 0.091796875
1 0.791015625 0.5341796875 0.0888671875 0.0908203125
1 0.732421875 0.3818359375 0.0869140625 0.0693359375