0 0.50390625 0.0810546875 0.0849609375 0.05859375
0 0.7060546875 0.1044921875 0.078125 0.0595703125
0 0.8125 0.1181640625 0.07421875 0.0693359375
0 0.419921875 0.166015625 0.078125 0.056640625
0 0.6064453125 0.20703125 0.0732421875 0.0478515625
0 0.7021484375 0.2060546875 0.0703125 0.0419921875
0 0.9091796875 0.26171875 0.0703125 0.0556640625
0 0.2861328125 0.259765625 0.0908203125 0.0615234375
0 0.392578125 0.25390625 0.06640625 0.0625
0 0.3212890625 0.333984375 0.0791015625 0.0595703125
0 0.056640625 0.478515625 0.0712890625 0.0458984375
0 0.3037109375 0.451171875 0.0791015625 0.0556640625
0 0.6748046875 0.357421875 0.0625 0.0556640625
0 0.8564453125 0.353515625 0.078125 0.0498046875
0 0.630859375 0.4541015625 0.0654296875 0.05078125
0 0.09375 0.5654296875 0.0712890625 0.052734375
0 0.3525390625 0.525390625 0.06640625 0.0478515625
0 0.373046875 0.6787109375 0.07421875 0.0537109375
0 0.46875 0.7451171875 0.0595703125 0.048828125
1 0.1298828125 0.3251953125 0.1416015625 0.07421875
1 0.1416015625 0.4091796875 0.1123046875 0.0888671875
1 0.234375 0.6455078125 0.1123046875 0.1044921875
1 0.5087890625 0.375 0.1044921875 0.0810546875
1 0.5361328125 0.4716796875 0.1005859375 0.0791015625
0 0.66015625 0.5673828125 0.1044921875 0.0888671875
1 0.51953125 0.6845703125 0.091796875 0.0703125
0 0.9013671875 0.58203125 0.1103515625 0.0947265625
0 0.9189453125 0.484375 0.130859375 0.0791015625
0 0.69140625 0.732421875 0.087890625 0.0703125
0 0.87890625 0.7841796875 0.12890625 0.083984375