0 0.794921875 0.306640625 0.0732421875 0.0595703125
0 0.6572265625 0.3125 0.0849609375 0.0712890625
0 0.521484375 0.3857421875 0.0693359375 0.0439453125
0 0.3125 0.2646484375 0.087890625 0.0517578125
0 0.353515625 0.396484375 0.0771484375 0.0546875
0 0.14453125 0.2783203125 0.0673828125 0.05078125
0 0.1025390625 0.3935546875 0.083984375 0.06640625
0 0.28125 0.470703125 0.0712890625 0.0556640625
0 0.177734375 0.63671875 0.064453125 0.0517578125
0 0.1357421875 0.7138671875 0.0654296875 0.046875
0 0.1328125 0.865234375 0.08203125 0.0732421875
0 0.21875 0.81640625 0.0654296875 0.0517578125
0 0.3076171875 0.7080078125 0.0751953125 0.05859375
0 0.3662109375 0.77734375 0.1015625 0.06640625
0 0.3837890625 0.884765625 0.087890625 0.07421875
0 0.5234375 0.830078125 0.087890625 0.0595703125
0 0.4248046875 0.6630859375 0.064453125 0.05859375
0 0.3017578125 0.607421875 0.08984375 0.0615234375
0 0.3974609375 0.53125 0.05078125 0.0439453125
0 0.390625 0.609375 0.0625 0.0537109375
0 0.5048828125 0.498046875 0.060546875 0.0517578125
0 0.5693359375 0.4658203125 0.0732421875 0.052734375
0 0.66015625 0.4404296875 0.083984375 0.0615234375
0 0.646484375 0.57421875 0.0576171875 0.05078125
0 0.5673828125 0.6181640625 0.0634765625 0.0595703125
0 0.5888671875 0.7041015625 0.0791015625 0.060546875
0 0.6953125 0.7109375 0.0703125 0.0703125
0 0.6904296875 0.626953125 0.080078125 0.0439453125
0 0.8251953125 0.765625 0.0556640625 0.056640625
0 0.8251953125 0.509765625 0.0556640625 0.056640625
0 0.9013671875 0.5078125 0.0654296875 0.0517578125
0 0.9638671875 0.5068359375 0.0556640625 0.0478515625
1 0.5087890625 0.2666015625 0.08203125 0.0498046875
1 0.54296875 0.32421875 0.0498046875 0.0556640625
1 0.216796875 0.38671875 0.064453125 0.064453125
1 0.197265625 0.4716796875 0.072265625 0.06640625
1 0.0771484375 0.4755859375 0.0703125 0.05078125
1 0.158203125 0.5478515625 0.0830078125 0.052734375
0 0.078125 0.55859375 0.0703125 0.0693359375
1 0.482421875 0.7431640625 0.0751953125 0.0703125
1 0.4716796875 0.587890625 0.064453125 0.0517578125
1 0.8232421875 0.4033203125 0.064453125 0.0732421875
0 0.94140625 0.3583984375 0.068359375 0.0712890625
1 0.771484375 0.4697265625 0.06640625 0.052734375
1 0.9306640625 0.4345703125 0.07421875 0.0673828125
1 0.75390625 0.587890625 0.0673828125 0.0380859375
0 0.93359375 0.630859375 0.0908203125 0.0595703125
1 0.6455078125 0.849609375 0.078125 0.080078125
1 0.8369140625 0.6708984375 0.08984375 0.06640625
1 0.8779296875 0.73046875 0.07421875 0.041015625