0 0.4658203125 0.1435546875 0.0703125 0.06640625
0 0.55859375 0.16015625 0.0732421875 0.060546875
0 0.724609375 0.16796875 0.0732421875 0.060546875
0 0.341796875 0.2392578125 0.083984375 0.0517578125
0 0.7666015625 0.34375 0.09375 0.05859375
0 0.92578125 0.3310546875 0.0849609375 0.0556640625
0 0.2490234375 0.33203125 0.076171875 0.0517578125
0 0.5185546875 0.4111328125 0.0673828125 0.0615234375
0 0.630859375 0.4443359375 0.0849609375 0.052734375
0 0.8310546875 0.439453125 0.0634765625 0.052734375
0 0.728515625 0.5400390625 0.0791015625 0.0634765625
0 0.1982421875 0.4580078125 0.0693359375 0.0556640625
0 0.216796875 0.6552734375 0.0830078125 0.064453125
0 0.32421875 0.720703125 0.0859375 0.0703125
0 0.55078125 0.6435546875 0.0947265625 0.0654296875
0 0.716796875 0.6337890625 0.078125 0.0546875
0 0.8359375 0.62890625 0.080078125 0.0517578125
0 0.802734375 0.6865234375 0.0712890625 0.0703125
0 0.4921875 0.8349609375 0.0751953125 0.0634765625
0 0.6513671875 0.302734375 0.0908203125 0.0625
0 0.71484375 0.2734375 0.068359375 0.052734375
1 0.5185546875 0.2900390625 0.1103515625 0.064453125
1 0.1875 0.28515625 0.169921875 0.0498046875
1 0.2529296875 0.3935546875 0.1611328125 0.068359375
1 0.404296875 0.4609375 0.1328125 0.0732421875
1 0.3544921875 0.5478515625 0.1533203125 0.083984375
1 0.1708984375 0.537109375 0.1494140625 0.0869140625
1 0.1494140625 0.7919921875 0.16015625 0.12109375
1 0.599609375 0.529296875 0.1279296875 0.1015625
1 0.890625 0.552734375 0.154296875 0.087890625