0 0.51171875 0.3017578125 0.10546875 0.0703125
0 0.365234375 0.3544921875 0.09765625 0.0703125
0 0.1689453125 0.2861328125 0.1005859375 0.06640625
0 0.228515625 0.44140625 0.064453125 0.0576171875
0 0.41796875 0.451171875 0.0595703125 0.046875
0 0.408203125 0.50390625 0.0517578125 0.048828125
0 0.3837890625 0.556640625 0.0615234375 0.0458984375
0 0.4599609375 0.5546875 0.0830078125 0.0537109375
0 0.46875 0.4892578125 0.056640625 0.0439453125
0 0.119140625 0.53125 0.0791015625 0.0517578125
0 0.119140625 0.62109375 0.07421875 0.056640625
0 0.427734375 0.7001953125 0.076171875 0.056640625
0 0.19140625 0.7216796875 0.0791015625 0.0458984375
0 0.21875 0.76953125 0.0537109375 0.0478515625
0 0.2626953125 0.7353515625 0.0576171875 0.05078125
0 0.30078125 0.78515625 0.05859375 0.041015625
0 0.5849609375 0.5400390625 0.0791015625 0.0498046875
0 0.5380859375 0.607421875 0.080078125 0.052734375
0 0.6240234375 0.583984375 0.0712890625 0.0390625
0 0.65625 0.62890625 0.0712890625 0.05859375
0 0.73046875 0.6904296875 0.05859375 0.0576171875
0 0.498046875 0.8291015625 0.078125 0.0546875
0 0.5234375 0.759765625 0.0654296875 0.0556640625
0 0.908203125 0.6845703125 0.0732421875 0.05078125
0 0.7802734375 0.5390625 0.0546875 0.0390625
0 0.8203125 0.5 0.056640625 0.041015625
0 0.8876953125 0.4736328125 0.0791015625 0.041015625
0 0.787109375 0.416015625 0.080078125 0.0419921875
0 0.783203125 0.373046875 0.0869140625 0.0439453125
1 0.32421875 0.27734375 0.0703125 0.0498046875
1 0.4169921875 0.2392578125 0.0771484375 0.046875
1 0.572265625 0.2373046875 0.0751953125 0.048828125
1 0.5927734375 0.4453125 0.0712890625 0.056640625
1 0.6904296875 0.44140625 0.0712890625 0.0458984375
1 0.6875 0.5 0.076171875 0.0498046875
1 0.3046875 0.46875 0.080078125 0.0546875
1 0.3115234375 0.52734375 0.0771484375 0.0498046875
1 0.095703125 0.478515625 0.07421875 0.0478515625
1 0.26171875 0.640625 0.06640625 0.05859375
1 0.3349609375 0.6357421875 0.0693359375 0.06640625
1 0.0439453125 0.6826171875 0.0546875 0.0595703125
1 0.2646484375 0.81640625 0.0673828125 0.0390625
1 0.4150390625 0.78125 0.0537109375 0.05859375
1 0.46484375 0.763671875 0.052734375 0.0654296875
1 0.716796875 0.5849609375 0.09375 0.04296875
1 0.9013671875 0.5322265625 0.0791015625 0.044921875
0 0.833984375 0.5771484375 0.0673828125 0.04296875
1 0.783203125 0.6748046875 0.048828125 0.0517578125
1 0.8408203125 0.7265625 0.060546875 0.056640625
1 0.6240234375 0.8740234375 0.0751953125 0.0654296875