0 0.4140625 0.244140625 0.0703125 0.05078125
0 0.2255859375 0.3212890625 0.0830078125 0.06640625
0 0.3291015625 0.544921875 0.1015625 0.0712890625
0 0.599609375 0.4580078125 0.0771484375 0.064453125
0 0.78515625 0.28515625 0.080078125 0.0595703125
0 0.0927734375 0.6435546875 0.080078125 0.0595703125
0 0.181640625 0.775390625 0.1083984375 0.0712890625
0 0.5400390625 0.7685546875 0.0810546875 0.0634765625
0 0.7138671875 0.763671875 0.0673828125 0.0556640625
0 0.9560546875 0.5869140625 0.0869140625 0.0654296875
1 0.6572265625 0.240234375 0.1298828125 0.0888671875
1 0.08984375 0.478515625 0.1279296875 0.0830078125
1 0.3525390625 0.681640625 0.1552734375 0.1123046875
1 0.4306640625 0.841796875 0.1142578125 0.1171875
1 0.501953125 0.5546875 0.1162109375 0.09375
1 0.646484375 0.6220703125 0.1611328125 0.0634765625
1 0.3310546875 0.427734375 0.1435546875 0.080078125
1 0.525390625 0.3203125 0.107421875 0.0927734375
1 0.728515625 0.4013671875 0.162109375 0.0830078125
1 0.7958984375 0.5400390625 0.1259765625 0.1005859375