0 0.2490234375 0.4736328125 0.1318359375 0.0966796875
0 0.3701171875 0.5791015625 0.1142578125 0.072265625
0 0.1494140625 0.6943359375 0.12890625 0.1015625
0 0.58984375 0.6396484375 0.1044921875 0.0869140625
0 0.6591796875 0.484375 0.1171875 0.0869140625
0 0.81640625 0.4306640625 0.12109375 0.083984375
1 0.7744140625 0.576171875 0.134765625 0.0771484375
1 0.4375 0.3642578125 0.1357421875 0.0869140625
1 0.4580078125 0.7001953125 0.1025390625 0.1123046875
0 0.6943359375 0.791015625 0.1591796875 0.12890625
0 0.689453125 0.3017578125 0.1103515625 0.1103515625