0 0.35546875 0.26953125 0.08984375 0.052734375
0 0.2060546875 0.3076171875 0.0576171875 0.0458984375
0 0.0615234375 0.3271484375 0.0654296875 0.0615234375
0 0.138671875 0.40234375 0.09375 0.0517578125
0 0.271484375 0.5078125 0.0625 0.0458984375
0 0.341796875 0.4619140625 0.056640625 0.04296875
0 0.37109375 0.3642578125 0.0810546875 0.0654296875
0 0.4482421875 0.4306640625 0.076171875 0.0595703125
0 0.1572265625 0.5791015625 0.0673828125 0.046875
0 0.064453125 0.595703125 0.068359375 0.0498046875
0 0.107421875 0.650390625 0.072265625 0.0556640625
0 0.2021484375 0.736328125 0.07421875 0.05859375
0 0.1220703125 0.7880859375 0.072265625 0.0546875
0 0.25 0.2568359375 0.0859375 0.0556640625
0 0.4658203125 0.3134765625 0.072265625 0.048828125
0 0.5556640625 0.25 0.095703125 0.0537109375
0 0.6650390625 0.2314453125 0.0615234375 0.0556640625
0 0.5791015625 0.3544921875 0.068359375 0.046875
0 0.53515625 0.408203125 0.0712890625 0.0361328125
0 0.55078125 0.4443359375 0.052734375 0.033203125
0 0.654296875 0.3798828125 0.0615234375 0.06640625
0 0.728515625 0.2744140625 0.0576171875 0.0546875
0 0.8564453125 0.333984375 0.0712890625 0.0595703125
0 0.75390625 0.36328125 0.072265625 0.0537109375
0 0.712890625 0.4404296875 0.0810546875 0.0498046875
0 0.80078125 0.4150390625 0.0517578125 0.0419921875
0 0.87890625 0.4228515625 0.0654296875 0.046875
0 0.9716796875 0.47265625 0.056640625 0.0537109375
0 0.8388671875 0.525390625 0.076171875 0.04296875
0 0.6806640625 0.525390625 0.0556640625 0.0439453125
0 0.583984375 0.5166015625 0.083984375 0.048828125
0 0.3388671875 0.5322265625 0.0517578125 0.0400390625
0 0.310546875 0.5869140625 0.0693359375 0.0439453125
0 0.380859375 0.5771484375 0.07421875 0.0390625
0 0.5361328125 0.56640625 0.0625 0.0390625
0 0.5224609375 0.6240234375 0.0810546875 0.0576171875
0 0.607421875 0.646484375 0.0595703125 0.0517578125
0 0.6884765625 0.634765625 0.0556640625 0.04296875
0 0.4521484375 0.669921875 0.068359375 0.0546875
0 0.3349609375 0.689453125 0.0751953125 0.052734375
0 0.3017578125 0.6396484375 0.076171875 0.0498046875
0 0.369140625 0.7900390625 0.11328125 0.0654296875
0 0.5234375 0.7666015625 0.0927734375 0.0693359375
0 0.6806640625 0.697265625 0.0966796875 0.05078125
0 0.8994140625 0.6552734375 0.0908203125 0.0546875
1 0.30078125 0.3720703125 0.05859375 0.048828125
1 0.125 0.51953125 0.09765625 0.037109375
1 0.455078125 0.5068359375 0.07421875 0.0732421875
1 0.7509765625 0.560546875 0.0625 0.0498046875
1 0.7841796875 0.6259765625 0.056640625 0.0478515625