0 0.51171875 0.0849609375 0.05078125 0.07421875
0 0.4462890625 0.1474609375 0.0556640625 0.076171875
0 0.3935546875 0.181640625 0.0556640625 0.076171875
0 0.5693359375 0.228515625 0.048828125 0.0634765625
0 0.494140625 0.263671875 0.044921875 0.060546875
0 0.5625 0.314453125 0.0615234375 0.0771484375
0 0.7001953125 0.2802734375 0.0615234375 0.0693359375
0 0.671875 0.39453125 0.0478515625 0.064453125
0 0.8291015625 0.359375 0.0615234375 0.0673828125
0 0.8515625 0.4775390625 0.0654296875 0.0703125
0 0.732421875 0.482421875 0.052734375 0.0703125
0 0.599609375 0.4697265625 0.0478515625 0.0595703125
0 0.50390625 0.3916015625 0.0625 0.0732421875
0 0.4189453125 0.3935546875 0.0546875 0.0693359375
0 0.314453125 0.3701171875 0.0625 0.076171875
0 0.1875 0.5546875 0.0546875 0.0693359375
0 0.390625 0.525390625 0.0595703125 0.0791015625
0 0.3486328125 0.5966796875 0.052734375 0.0595703125
0 0.3134765625 0.67578125 0.0478515625 0.0771484375
0 0.3837890625 0.693359375 0.0625 0.064453125
0 0.4521484375 0.58203125 0.052734375 0.0693359375
0 0.5234375 0.5166015625 0.0546875 0.0615234375
0 0.5107421875 0.6015625 0.046875 0.078125
0 0.341796875 0.7744140625 0.046875 0.0615234375
0 0.2587890625 0.8447265625 0.0712890625 0.07421875
0 0.34765625 0.8974609375 0.0498046875 0.0625
0 0.435546875 0.81640625 0.046875 0.05859375
0 0.5537109375 0.787109375 0.0458984375 0.06640625
0 0.6416015625 0.8486328125 0.0517578125 0.0673828125
0 0.68359375 0.6904296875 0.0498046875 0.072265625
0 0.63671875 0.5771484375 0.0478515625 0.068359375
0 0.80859375 0.6279296875 0.0458984375 0.0791015625
0 0.8203125 0.7255859375 0.04296875 0.060546875
0 0.8671875 0.78125 0.0556640625 0.0771484375
0 0.73828125 0.8681640625 0.0556640625 0.0634765625
0 0.8017578125 0.859375 0.052734375 0.068359375
0 0.859375 0.931640625 0.0546875 0.0703125
1 0.646484375 0.150390625 0.0859375 0.1044921875
1 0.4072265625 0.28515625 0.068359375 0.0703125
1 0.298828125 0.48828125 0.0830078125 0.09375