0 0.767578125 0.2490234375 0.0693359375 0.0556640625
0 0.646484375 0.265625 0.078125 0.0546875
0 0.416015625 0.2724609375 0.064453125 0.0517578125
0 0.3173828125 0.2626953125 0.0888671875 0.05078125
0 0.2841796875 0.322265625 0.0908203125 0.056640625
0 0.1103515625 0.337890625 0.09765625 0.056640625
0 0.19921875 0.41015625 0.068359375 0.0517578125
0 0.3984375 0.4794921875 0.05859375 0.0390625
0 0.31640625 0.52734375 0.0791015625 0.048828125
0 0.197265625 0.5986328125 0.0673828125 0.0419921875
0 0.1044921875 0.6123046875 0.07421875 0.048828125
0 0.158203125 0.6640625 0.0673828125 0.044921875
0 0.2431640625 0.7685546875 0.0546875 0.052734375
0 0.1591796875 0.8212890625 0.0732421875 0.0556640625
0 0.5400390625 0.3251953125 0.0703125 0.04296875
0 0.439453125 0.3837890625 0.076171875 0.0546875
0 0.6630859375 0.3984375 0.0712890625 0.0546875
0 0.6015625 0.43359375 0.0703125 0.041015625
0 0.6201171875 0.4755859375 0.056640625 0.04296875
0 0.5166015625 0.4453125 0.064453125 0.0556640625
0 0.3974609375 0.5595703125 0.0517578125 0.0390625
0 0.369140625 0.61328125 0.056640625 0.0517578125
0 0.3466796875 0.6591796875 0.072265625 0.044921875
0 0.3876953125 0.7236328125 0.0771484375 0.0556640625
0 0.4345703125 0.607421875 0.0751953125 0.0546875
0 0.5966796875 0.5986328125 0.0546875 0.0595703125
0 0.4990234375 0.712890625 0.080078125 0.0732421875
0 0.41015625 0.8251953125 0.0869140625 0.0478515625
0 0.580078125 0.8115234375 0.0859375 0.0537109375
0 0.5791015625 0.6572265625 0.0625 0.0537109375
0 0.6796875 0.681640625 0.068359375 0.056640625
0 0.6484375 0.537109375 0.06640625 0.0556640625
0 0.765625 0.5068359375 0.068359375 0.0400390625
0 0.75 0.671875 0.0712890625 0.048828125
0 0.73828125 0.73828125 0.06640625 0.0439453125
0 0.8798828125 0.310546875 0.05859375 0.0498046875
0 0.8935546875 0.4453125 0.0654296875 0.0439453125
0 0.9541015625 0.4326171875 0.0595703125 0.0537109375
0 0.9267578125 0.568359375 0.0654296875 0.0439453125
0 0.97265625 0.7060546875 0.0546875 0.0693359375
1 0.529296875 0.2802734375 0.0673828125 0.0439453125
1 0.3701171875 0.3857421875 0.05859375 0.05078125
1 0.7734375 0.4189453125 0.0791015625 0.05859375
1 0.9189453125 0.37109375 0.1162109375 0.0537109375
1 0.091796875 0.4384765625 0.0771484375 0.052734375
1 0.169921875 0.5341796875 0.0859375 0.0400390625
1 0.515625 0.53515625 0.1025390625 0.076171875
1 0.7158203125 0.5556640625 0.0517578125 0.06640625
1 0.83984375 0.61328125 0.08203125 0.04296875
1 0.859375 0.6787109375 0.080078125 0.0693359375