0 0.642578125 0.0986328125 0.08984375 0.0703125
0 0.8017578125 0.1162109375 0.087890625 0.0693359375
0 0.4150390625 0.224609375 0.0927734375 0.0712890625
0 0.234375 0.2978515625 0.0888671875 0.0703125
0 0.1171875 0.466796875 0.0869140625 0.0712890625
0 0.482421875 0.4130859375 0.08984375 0.0673828125
0 0.3232421875 0.5546875 0.1103515625 0.078125
0 0.4052734375 0.673828125 0.0986328125 0.0810546875
0 0.076171875 0.6748046875 0.0869140625 0.068359375
0 0.1875 0.8388671875 0.109375 0.0771484375
0 0.5419921875 0.7705078125 0.0791015625 0.0703125
0 0.84375 0.8515625 0.08203125 0.06640625
0 0.8837890625 0.6357421875 0.083984375 0.080078125
0 0.9296875 0.5087890625 0.0966796875 0.068359375
0 0.751953125 0.40234375 0.091796875 0.0634765625
0 0.7978515625 0.2802734375 0.080078125 0.0595703125
1 0.58984375 0.291015625 0.1474609375 0.0908203125
1 0.572265625 0.591796875 0.171875 0.0966796875
1 0.7529296875 0.697265625 0.15625 0.099609375
1 0.9033203125 0.37109375 0.11328125 0.087890625