0 0.560546875 0.3037109375 0.0751953125 0.05859375
0 0.3505859375 0.3232421875 0.06640625 0.052734375
0 0.259765625 0.3076171875 0.07421875 0.0546875
0 0.212890625 0.359375 0.0595703125 0.0576171875
0 0.0751953125 0.3759765625 0.087890625 0.0654296875
0 0.1533203125 0.447265625 0.0869140625 0.0546875
0 0.265625 0.5517578125 0.06640625 0.0546875
0 0.3359375 0.505859375 0.06640625 0.0380859375
0 0.3779296875 0.4248046875 0.0927734375 0.048828125
0 0.46875 0.3720703125 0.0859375 0.046875
0 0.666015625 0.29296875 0.0625 0.0478515625
0 0.7275390625 0.33984375 0.0771484375 0.046875
0 0.568359375 0.4052734375 0.0751953125 0.044921875
0 0.439453125 0.4775390625 0.0546875 0.0458984375
0 0.529296875 0.4599609375 0.0693359375 0.0419921875
0 0.5458984375 0.4990234375 0.0634765625 0.033203125
0 0.6494140625 0.4384765625 0.0615234375 0.0625
0 0.740234375 0.419921875 0.0634765625 0.0556640625
0 0.78515625 0.4736328125 0.064453125 0.046875
0 0.8271484375 0.392578125 0.103515625 0.0693359375
0 0.857421875 0.4873046875 0.0634765625 0.0576171875
0 0.951171875 0.53515625 0.06640625 0.0595703125
0 0.81640625 0.5791015625 0.0546875 0.0537109375
0 0.6923828125 0.4970703125 0.072265625 0.0478515625
0 0.669921875 0.5830078125 0.056640625 0.05078125
0 0.5712890625 0.5634765625 0.072265625 0.0576171875
0 0.33984375 0.580078125 0.056640625 0.041015625
0 0.15234375 0.6220703125 0.0693359375 0.041015625
0 0.0693359375 0.6318359375 0.0595703125 0.0341796875
0 0.12109375 0.6806640625 0.068359375 0.037109375
0 0.2021484375 0.7705078125 0.064453125 0.0556640625
0 0.125 0.8212890625 0.0810546875 0.04296875
0 0.359375 0.826171875 0.08984375 0.06640625
0 0.5048828125 0.810546875 0.0712890625 0.0498046875
0 0.28515625 0.673828125 0.0537109375 0.048828125
0 0.30859375 0.62890625 0.064453125 0.0390625
0 0.3759765625 0.6240234375 0.0654296875 0.0361328125
0 0.5224609375 0.6171875 0.07421875 0.0419921875
0 0.5048828125 0.6748046875 0.0771484375 0.0458984375
0 0.4306640625 0.7138671875 0.0693359375 0.0595703125
0 0.3349609375 0.734375 0.1083984375 0.060546875
0 0.5869140625 0.6953125 0.0673828125 0.0546875
0 0.642578125 0.7412109375 0.0791015625 0.052734375
0 0.654296875 0.6845703125 0.076171875 0.0556640625
0 0.865234375 0.7109375 0.0859375 0.056640625
1 0.3076171875 0.423828125 0.0615234375 0.0537109375
1 0.1298828125 0.5576171875 0.1015625 0.0439453125
1 0.443359375 0.5625 0.05078125 0.0595703125
1 0.734375 0.615234375 0.064453125 0.0478515625
1 0.7626953125 0.681640625 0.0634765625 0.0546875