0 0.4404296875 0.16015625 0.048828125 0.0712890625
0 0.5224609375 0.1259765625 0.0478515625 0.072265625
0 0.646484375 0.2158203125 0.05859375 0.0732421875
0 0.7783203125 0.275390625 0.0634765625 0.078125
0 0.5146484375 0.26171875 0.056640625 0.0810546875
0 0.6220703125 0.3056640625 0.046875 0.068359375
0 0.6875 0.390625 0.0556640625 0.078125
0 0.7978515625 0.404296875 0.0693359375 0.072265625
0 0.3662109375 0.30078125 0.05859375 0.0703125
0 0.4482421875 0.29296875 0.0625 0.07421875
0 0.3212890625 0.4296875 0.0556640625 0.0830078125
0 0.4609375 0.427734375 0.052734375 0.0654296875
0 0.5498046875 0.376953125 0.0498046875 0.060546875
0 0.3857421875 0.4921875 0.0537109375 0.064453125
0 0.4482421875 0.51953125 0.0498046875 0.0771484375
0 0.5849609375 0.50390625 0.0498046875 0.0673828125
0 0.62109375 0.6162109375 0.05078125 0.072265625
0 0.2373046875 0.578125 0.05078125 0.072265625
0 0.2724609375 0.501953125 0.06640625 0.0703125
0 0.310546875 0.6015625 0.0556640625 0.064453125
0 0.2578125 0.6865234375 0.044921875 0.0712890625
0 0.1748046875 0.7587890625 0.06640625 0.0751953125
0 0.263671875 0.8173828125 0.048828125 0.0693359375
0 0.3583984375 0.732421875 0.0517578125 0.0595703125
0 0.4560546875 0.693359375 0.048828125 0.0673828125
1 0.5859375 0.052734375 0.0859375 0.10546875
1 0.34765625 0.1669921875 0.0625 0.109375
1 0.6982421875 0.0556640625 0.0830078125 0.1083984375
1 0.244140625 0.4140625 0.1015625 0.099609375
1 0.5126953125 0.763671875 0.0625 0.0693359375
1 0.4130859375 0.904296875 0.080078125 0.0849609375
1 0.58984375 0.9462890625 0.095703125 0.09375
0 0.3388671875 0.939453125 0.072265625 0.091796875
1 0.7568359375 0.5537109375 0.0634765625 0.1259765625
0 0.5751953125 0.7568359375 0.0615234375 0.072265625
0 0.671875 0.771484375 0.06640625 0.0751953125
0 0.8017578125 0.861328125 0.087890625 0.0791015625
0 0.7373046875 0.7802734375 0.0654296875 0.099609375
0 0.7568359375 0.650390625 0.05859375 0.080078125
0 0.810546875 0.71484375 0.05859375 0.1005859375