0 0.0908203125 0.390625 0.1279296875 0.177734375
0 0.296875 0.2958984375 0.1279296875 0.140625
0 0.4765625 0.08203125 0.1005859375 0.123046875
0 0.7119140625 0.150390625 0.1103515625 0.1396484375
0 0.89453125 0.310546875 0.1376953125 0.162109375
0 0.7421875 0.5283203125 0.115234375 0.1552734375
0 0.677734375 0.8837890625 0.119140625 0.1650390625
0 0.3896484375 0.8330078125 0.10546875 0.1357421875
0 0.53125 0.68359375 0.125 0.1220703125
0 0.1630859375 0.6142578125 0.11328125 0.1435546875
1 0.478515625 0.45703125 0.11328125 0.1259765625