0 0.4423828125 0.0986328125 0.0732421875 0.0576171875
0 0.5078125 0.19140625 0.06640625 0.0546875
0 0.33203125 0.216796875 0.0732421875 0.0576171875
0 0.12109375 0.220703125 0.064453125 0.052734375
0 0.4013671875 0.3251953125 0.0732421875 0.0537109375
0 0.66015625 0.2783203125 0.060546875 0.0498046875
0 0.8212890625 0.2626953125 0.0830078125 0.056640625
0 0.83984375 0.3837890625 0.076171875 0.052734375
0 0.923828125 0.3779296875 0.07421875 0.056640625
0 0.6171875 0.3759765625 0.0703125 0.0517578125
0 0.513671875 0.369140625 0.0615234375 0.0478515625
0 0.2099609375 0.419921875 0.064453125 0.060546875
0 0.34765625 0.4833984375 0.0712890625 0.0673828125
0 0.0517578125 0.4873046875 0.064453125 0.0556640625
0 0.064453125 0.5986328125 0.0673828125 0.0498046875
0 0.0966796875 0.6787109375 0.087890625 0.0576171875
0 0.28515625 0.677734375 0.07421875 0.0537109375
0 0.6220703125 0.6162109375 0.0791015625 0.052734375
0 0.677734375 0.5322265625 0.0625 0.044921875
0 0.9462890625 0.564453125 0.06640625 0.0615234375
0 0.7802734375 0.6875 0.0810546875 0.0615234375
0 0.9150390625 0.736328125 0.0751953125 0.0517578125
0 0.7548828125 0.7744140625 0.080078125 0.0546875
0 0.5615234375 0.720703125 0.08203125 0.0654296875
0 0.447265625 0.6865234375 0.078125 0.0595703125
0 0.2607421875 0.7509765625 0.0625 0.044921875
1 0.1455078125 0.326171875 0.095703125 0.0498046875
1 0.4931640625 0.4921875 0.1279296875 0.0703125
1 0.5009765625 0.8056640625 0.1513671875 0.08203125
0 0.697265625 0.8828125 0.09765625 0.0791015625