0 0.5849609375 0.126953125 0.087890625 0.0732421875
0 0.7744140625 0.1650390625 0.0908203125 0.06640625
0 0.384765625 0.251953125 0.0849609375 0.0673828125
0 0.208984375 0.3173828125 0.09375 0.0654296875
0 0.443359375 0.4326171875 0.08203125 0.056640625
0 0.7509765625 0.322265625 0.0810546875 0.0595703125
0 0.703125 0.4365234375 0.078125 0.0615234375
0 0.8564453125 0.5380859375 0.0849609375 0.064453125
0 0.2744140625 0.5654296875 0.1162109375 0.068359375
0 0.083984375 0.4736328125 0.0927734375 0.0732421875
0 0.041015625 0.666015625 0.0810546875 0.072265625
0 0.349609375 0.6796875 0.0859375 0.076171875
0 0.1337890625 0.826171875 0.095703125 0.076171875
0 0.46875 0.7763671875 0.087890625 0.068359375
0 0.810546875 0.66796875 0.0888671875 0.0703125
0 0.7568359375 0.86328125 0.0849609375 0.0673828125
1 0.55859375 0.3125 0.171875 0.134765625
1 0.525390625 0.60546875 0.1240234375 0.0654296875
1 0.6611328125 0.712890625 0.158203125 0.126953125
1 0.89453125 0.3984375 0.16796875 0.11328125