0 0.373046875 0.412109375 0.0693359375 0.0556640625
0 0.134765625 0.47265625 0.1064453125 0.0927734375
0 0.212890625 0.59375 0.0966796875 0.068359375
0 0.4248046875 0.587890625 0.072265625 0.064453125
0 0.521484375 0.5830078125 0.0771484375 0.052734375
0 0.5908203125 0.4892578125 0.103515625 0.0908203125
0 0.5927734375 0.3857421875 0.068359375 0.08203125
0 0.814453125 0.4541015625 0.083984375 0.0751953125
0 0.951171875 0.544921875 0.076171875 0.0693359375
0 0.794921875 0.6044921875 0.0986328125 0.0791015625
0 0.4814453125 0.708984375 0.1171875 0.0712890625
0 0.3056640625 0.6806640625 0.0888671875 0.064453125
0 0.2470703125 0.798828125 0.076171875 0.06640625
0 0.4794921875 0.892578125 0.091796875 0.05859375
1 0.705078125 0.5107421875 0.0927734375 0.072265625
1 0.6767578125 0.4248046875 0.1025390625 0.0654296875
1 0.4033203125 0.4609375 0.0712890625 0.0576171875
1 0.1767578125 0.6962890625 0.0908203125 0.060546875
1 0.6064453125 0.6357421875 0.095703125 0.0546875
1 0.583984375 0.75390625 0.08203125 0.07421875