0 0.640625 0.1435546875 0.0947265625 0.072265625
0 0.9072265625 0.1748046875 0.095703125 0.07421875
0 0.7822265625 0.3056640625 0.083984375 0.0595703125
0 0.8759765625 0.3671875 0.1083984375 0.0791015625
0 0.75 0.4326171875 0.08203125 0.0673828125
0 0.4375 0.244140625 0.07421875 0.0712890625
0 0.2578125 0.306640625 0.099609375 0.0732421875
0 0.482421875 0.4189453125 0.072265625 0.0546875
0 0.1357421875 0.4609375 0.095703125 0.072265625
0 0.3203125 0.5546875 0.10546875 0.0703125
0 0.9072265625 0.541015625 0.083984375 0.068359375
0 0.55078125 0.6416015625 0.0908203125 0.072265625
0 0.865234375 0.6669921875 0.0869140625 0.0810546875
0 0.5146484375 0.775390625 0.0830078125 0.0791015625
0 0.39453125 0.671875 0.095703125 0.083984375
0 0.0810546875 0.658203125 0.0859375 0.076171875
0 0.1748046875 0.8193359375 0.1103515625 0.078125
0 0.802734375 0.8642578125 0.087890625 0.0712890625
1 0.6142578125 0.322265625 0.2041015625 0.1083984375
1 0.724609375 0.728515625 0.1474609375 0.1083984375