0 0.427734375 0.298828125 0.080078125 0.05078125
0 0.23828125 0.326171875 0.0830078125 0.06640625
0 0.3212890625 0.34765625 0.0595703125 0.0439453125
0 0.3681640625 0.3955078125 0.0625 0.0439453125
0 0.1953125 0.4287109375 0.0654296875 0.052734375
0 0.111328125 0.4169921875 0.0830078125 0.0654296875
0 0.5537109375 0.40234375 0.078125 0.052734375
0 0.31640625 0.4814453125 0.103515625 0.0595703125
0 0.3193359375 0.5556640625 0.0830078125 0.0439453125
0 0.4560546875 0.5439453125 0.0654296875 0.0615234375
0 0.5751953125 0.4970703125 0.060546875 0.05078125
0 0.7783203125 0.4912109375 0.068359375 0.046875
0 0.4873046875 0.650390625 0.0830078125 0.0615234375
0 0.390625 0.6845703125 0.0771484375 0.0625
0 0.26953125 0.6572265625 0.0927734375 0.0703125
0 0.267578125 0.7236328125 0.072265625 0.0546875
0 0.2587890625 0.7861328125 0.0654296875 0.044921875
0 0.587890625 0.7421875 0.0732421875 0.0458984375
0 0.583984375 0.6181640625 0.056640625 0.0458984375
0 0.6923828125 0.552734375 0.0576171875 0.0517578125
0 0.6376953125 0.6796875 0.0625 0.052734375
0 0.7216796875 0.6962890625 0.0830078125 0.0634765625
0 0.6748046875 0.810546875 0.064453125 0.052734375
1 0.8505859375 0.7431640625 0.072265625 0.0625
1 0.8447265625 0.64453125 0.0869140625 0.0537109375
1 0.732421875 0.6142578125 0.05859375 0.0625
1 0.939453125 0.6005859375 0.0869140625 0.0419921875
1 0.80859375 0.4443359375 0.0634765625 0.0537109375
1 0.4921875 0.2578125 0.064453125 0.041015625
1 0.1376953125 0.3447265625 0.0712890625 0.068359375
1 0.12109375 0.5146484375 0.0859375 0.06640625
1 0.0517578125 0.6015625 0.0751953125 0.044921875
1 0.1064453125 0.669921875 0.0859375 0.0634765625
1 0.1162109375 0.8330078125 0.0947265625 0.0537109375
1 0.3896484375 0.873046875 0.07421875 0.05859375
0 0.3671875 0.7890625 0.06640625 0.056640625
1 0.4423828125 0.794921875 0.0673828125 0.048828125
1 0.806640625 0.849609375 0.123046875 0.064453125
1 0.6171875 0.3447265625 0.1337890625 0.052734375
1 0.2392578125 0.5947265625 0.1181640625 0.0537109375