0 0.5615234375 0.083984375 0.0537109375 0.0625
0 0.2470703125 0.236328125 0.05078125 0.0751953125
0 0.38671875 0.34765625 0.076171875 0.0673828125
0 0.2587890625 0.3623046875 0.0888671875 0.095703125
0 0.3359375 0.484375 0.05859375 0.064453125
0 0.4423828125 0.115234375 0.0439453125 0.0537109375
0 0.4384765625 0.0546875 0.0751953125 0.0595703125
0 0.2841796875 0.08984375 0.0498046875 0.064453125
0 0.220703125 0.7021484375 0.06640625 0.0703125
0 0.3515625 0.6474609375 0.06640625 0.06640625
0 0.24609375 0.875 0.0458984375 0.0849609375
0 0.4384765625 0.71875 0.0615234375 0.0869140625
0 0.4482421875 0.5 0.0546875 0.0732421875
0 0.412109375 0.4326171875 0.068359375 0.060546875
0 0.509765625 0.3544921875 0.0439453125 0.076171875
0 0.564453125 0.31640625 0.05078125 0.0673828125
0 0.640625 0.3056640625 0.0615234375 0.0810546875
0 0.6865234375 0.1728515625 0.0546875 0.064453125
0 0.55859375 0.431640625 0.0537109375 0.0556640625
0 0.720703125 0.609375 0.064453125 0.0673828125
0 0.5986328125 0.5634765625 0.037109375 0.064453125
0 0.4833984375 0.6044921875 0.0400390625 0.0634765625
0 0.556640625 0.6025390625 0.0478515625 0.06640625
0 0.546875 0.6875 0.056640625 0.0771484375
0 0.3681640625 0.908203125 0.0517578125 0.0732421875
0 0.53515625 0.912109375 0.0615234375 0.0771484375
0 0.6748046875 0.84765625 0.072265625 0.08984375
0 0.6630859375 0.6630859375 0.0439453125 0.0732421875
0 0.59375 0.7998046875 0.0498046875 0.0732421875
0 0.7646484375 0.7431640625 0.0693359375 0.076171875
0 0.451171875 0.1845703125 0.0673828125 0.064453125
0 0.6494140625 0.4072265625 0.0556640625 0.0634765625
0 0.7646484375 0.453125 0.0654296875 0.0849609375
1 0.6044921875 0.1591796875 0.0439453125 0.068359375
1 0.65234375 0.1298828125 0.0380859375 0.05078125
1 0.4091796875 0.2421875 0.037109375 0.076171875
1 0.3359375 0.1962890625 0.06640625 0.0703125
1 0.3681640625 0.09375 0.0537109375 0.0673828125
1 0.5244140625 0.2509765625 0.0458984375 0.072265625
1 0.7822265625 0.3525390625 0.064453125 0.091796875
1 0.6943359375 0.494140625 0.056640625 0.0693359375
0 0.822265625 0.5830078125 0.080078125 0.1005859375
1 0.513671875 0.8349609375 0.064453125 0.080078125
1 0.43359375 0.8173828125 0.0478515625 0.080078125
1 0.35546875 0.794921875 0.0625 0.083984375
1 0.2783203125 0.4736328125 0.05078125 0.072265625
1 0.2138671875 0.51171875 0.0439453125 0.0693359375
1 0.53125 0.5234375 0.046875 0.0859375
1 0.4453125 0.9189453125 0.048828125 0.0556640625
1 0.8134765625 0.8291015625 0.076171875 0.0830078125