0 0.546875 0.171875 0.07421875 0.0576171875
0 0.7353515625 0.19140625 0.0673828125 0.0517578125
0 0.8291015625 0.2060546875 0.0673828125 0.052734375
0 0.7265625 0.291015625 0.0654296875 0.0478515625
0 0.6396484375 0.2890625 0.06640625 0.0498046875
0 0.4619140625 0.2529296875 0.0732421875 0.0517578125
0 0.435546875 0.3359375 0.068359375 0.0625
0 0.3359375 0.337890625 0.0810546875 0.0546875
0 0.044921875 0.353515625 0.0634765625 0.05078125
0 0.365234375 0.4072265625 0.06640625 0.0517578125
0 0.11328125 0.5478515625 0.0703125 0.0576171875
0 0.3486328125 0.51953125 0.0693359375 0.056640625
0 0.1455078125 0.62890625 0.0654296875 0.0517578125
0 0.4072265625 0.7373046875 0.0732421875 0.05078125
0 0.5009765625 0.80078125 0.05859375 0.0478515625
0 0.7119140625 0.7822265625 0.0673828125 0.046875
0 0.888671875 0.8466796875 0.0791015625 0.0546875
0 0.9072265625 0.6533203125 0.0869140625 0.056640625
0 0.6787109375 0.6279296875 0.068359375 0.060546875
0 0.9462890625 0.55859375 0.0703125 0.0537109375
0 0.654296875 0.5224609375 0.06640625 0.0458984375
0 0.703125 0.4306640625 0.0693359375 0.0537109375
0 0.875 0.4326171875 0.06640625 0.0439453125
0 0.9169921875 0.3447265625 0.06640625 0.048828125
1 0.1796875 0.3984375 0.1474609375 0.08203125
1 0.1923828125 0.48046875 0.1005859375 0.052734375
1 0.2900390625 0.701171875 0.0908203125 0.087890625
1 0.5537109375 0.736328125 0.12890625 0.078125
1 0.55859375 0.53515625 0.0986328125 0.078125
1 0.5537109375 0.4482421875 0.1357421875 0.1025390625