0 0.4521484375 0.212890625 0.0859375 0.0546875
0 0.6748046875 0.2470703125 0.0693359375 0.0517578125
0 0.65234375 0.3525390625 0.0634765625 0.052734375
0 0.45703125 0.2880859375 0.064453125 0.0439453125
0 0.314453125 0.419921875 0.0703125 0.05078125
0 0.154296875 0.5068359375 0.07421875 0.0595703125
0 0.1748046875 0.748046875 0.0751953125 0.0625
0 0.3427734375 0.75390625 0.0810546875 0.0625
0 0.7421875 0.734375 0.0712890625 0.05859375
0 0.921875 0.5390625 0.080078125 0.0595703125
0 0.6220703125 0.4326171875 0.064453125 0.046875
0 0.6630859375 0.5185546875 0.06640625 0.0498046875
0 0.7763671875 0.3642578125 0.0625 0.046875
1 0.2490234375 0.232421875 0.109375 0.0625
1 0.2109375 0.3671875 0.1298828125 0.0673828125
1 0.4228515625 0.3720703125 0.1083984375 0.0625
1 0.53125 0.2919921875 0.0908203125 0.0712890625
1 0.2587890625 0.46484375 0.068359375 0.0751953125
1 0.197265625 0.6005859375 0.0732421875 0.0693359375
1 0.111328125 0.673828125 0.1357421875 0.0712890625
1 0.189453125 0.837890625 0.1298828125 0.078125
1 0.509765625 0.84375 0.1396484375 0.0849609375
1 0.505859375 0.66015625 0.107421875 0.060546875
1 0.353515625 0.5947265625 0.0634765625 0.0654296875
1 0.2724609375 0.541015625 0.1103515625 0.056640625
1 0.5263671875 0.474609375 0.095703125 0.07421875
0 0.44140625 0.5517578125 0.1083984375 0.064453125
0 0.681640625 0.5927734375 0.1337890625 0.08984375