0 0.4326171875 0.2900390625 0.0791015625 0.052734375
0 0.6201171875 0.345703125 0.087890625 0.0849609375
0 0.78125 0.4794921875 0.1025390625 0.052734375
0 0.572265625 0.4853515625 0.0986328125 0.078125
0 0.6875 0.5341796875 0.078125 0.0634765625
0 0.44921875 0.533203125 0.0791015625 0.06640625
0 0.4921875 0.6162109375 0.087890625 0.05859375
0 0.564453125 0.6806640625 0.07421875 0.064453125
0 0.388671875 0.6748046875 0.091796875 0.0517578125
0 0.265625 0.646484375 0.07421875 0.0517578125
0 0.3125 0.544921875 0.068359375 0.0517578125
0 0.1865234375 0.4248046875 0.06640625 0.0576171875
0 0.310546875 0.3388671875 0.0712890625 0.0478515625
0 0.3564453125 0.375 0.0634765625 0.0419921875
0 0.23046875 0.3134765625 0.076171875 0.0517578125
0 0.09375 0.40234375 0.091796875 0.0615234375
0 0.27734375 0.71875 0.0712890625 0.0595703125
0 0.2646484375 0.779296875 0.068359375 0.0498046875
0 0.3828125 0.7861328125 0.095703125 0.06640625
0 0.587890625 0.6083984375 0.056640625 0.052734375
1 0.7177734375 0.365234375 0.0888671875 0.056640625
1 0.48046875 0.2470703125 0.0751953125 0.02734375
1 0.1279296875 0.337890625 0.0751953125 0.05859375
1 0.37109375 0.4443359375 0.07421875 0.0478515625
1 0.4990234375 0.3984375 0.095703125 0.06640625
1 0.796875 0.419921875 0.064453125 0.06640625
1 0.849609375 0.625 0.072265625 0.0673828125
1 0.732421875 0.5986328125 0.0615234375 0.064453125
1 0.111328125 0.50390625 0.0908203125 0.0595703125
1 0.0556640625 0.59765625 0.0859375 0.0537109375
1 0.10546875 0.658203125 0.1025390625 0.056640625
1 0.2587890625 0.5927734375 0.0693359375 0.0498046875
1 0.109375 0.8212890625 0.0966796875 0.0634765625
1 0.3994140625 0.859375 0.064453125 0.064453125
1 0.4990234375 0.7216796875 0.0693359375 0.052734375
1 0.59765625 0.8154296875 0.1142578125 0.0556640625
1 0.6923828125 0.7216796875 0.0869140625 0.06640625
1 0.8125 0.837890625 0.1162109375 0.060546875
1 0.8583984375 0.724609375 0.0888671875 0.0576171875
1 0.9404296875 0.6015625 0.091796875 0.0869140625