0 0.4453125 0.181640625 0.080078125 0.0595703125
0 0.5517578125 0.142578125 0.076171875 0.056640625
0 0.697265625 0.2275390625 0.068359375 0.05078125
0 0.7236328125 0.310546875 0.0791015625 0.0625
0 0.861328125 0.298828125 0.078125 0.056640625
0 0.9384765625 0.376953125 0.0869140625 0.0703125
0 0.4462890625 0.26953125 0.072265625 0.056640625
0 0.287109375 0.4091796875 0.0654296875 0.0498046875
0 0.4111328125 0.423828125 0.0732421875 0.0615234375
0 0.6513671875 0.337890625 0.078125 0.0576171875
0 0.625 0.42578125 0.07421875 0.048828125
0 0.791015625 0.4345703125 0.0673828125 0.0478515625
0 0.763671875 0.484375 0.0673828125 0.0595703125
0 0.5205078125 0.5087890625 0.087890625 0.0673828125
0 0.1123046875 0.501953125 0.0732421875 0.0625
0 0.1396484375 0.763671875 0.07421875 0.0654296875
0 0.3203125 0.7734375 0.0791015625 0.064453125
0 0.703125 0.712890625 0.0849609375 0.0615234375
1 0.5224609375 0.28125 0.0966796875 0.07421875
1 0.1748046875 0.3505859375 0.1083984375 0.0849609375
1 0.2255859375 0.4619140625 0.0751953125 0.0751953125
1 0.1591796875 0.609375 0.08984375 0.08984375
1 0.236328125 0.5390625 0.080078125 0.0625
1 0.3291015625 0.60546875 0.0849609375 0.0615234375
1 0.38671875 0.55859375 0.1142578125 0.064453125
1 0.501953125 0.68359375 0.1376953125 0.0546875
1 0.83984375 0.5595703125 0.09375 0.0703125
1 0.9423828125 0.5576171875 0.115234375 0.083984375
1 0.4677734375 0.8310546875 0.126953125 0.0859375
1 0.1572265625 0.8740234375 0.150390625 0.0654296875