0 0.4404296875 0.326171875 0.068359375 0.0654296875
0 0.244140625 0.353515625 0.08203125 0.0595703125
0 0.1064453125 0.4482421875 0.0927734375 0.0576171875
0 0.1953125 0.4619140625 0.0703125 0.0595703125
0 0.373046875 0.4189453125 0.0771484375 0.060546875
0 0.32421875 0.3701171875 0.0556640625 0.0498046875
0 0.3173828125 0.58203125 0.08203125 0.0546875
0 0.2822265625 0.68359375 0.0771484375 0.05859375
0 0.2744140625 0.75390625 0.0849609375 0.078125
0 0.2587890625 0.8310546875 0.09375 0.0703125
0 0.3935546875 0.7216796875 0.0615234375 0.044921875
0 0.4677734375 0.5830078125 0.0849609375 0.0458984375
0 0.580078125 0.51953125 0.0869140625 0.06640625
0 0.6396484375 0.3701171875 0.09765625 0.0654296875
0 0.802734375 0.5263671875 0.072265625 0.0478515625
0 0.708984375 0.5791015625 0.0625 0.0556640625
0 0.599609375 0.6494140625 0.0947265625 0.0537109375
0 0.494140625 0.66015625 0.095703125 0.0654296875
0 0.5771484375 0.71484375 0.0908203125 0.0439453125
1 0.1484375 0.369140625 0.0634765625 0.0625
1 0.517578125 0.4296875 0.0859375 0.05078125
1 0.3798828125 0.482421875 0.0625 0.0625
1 0.1318359375 0.5458984375 0.0849609375 0.0576171875
1 0.0693359375 0.630859375 0.091796875 0.0498046875
1 0.111328125 0.697265625 0.072265625 0.0693359375
1 0.26171875 0.6298828125 0.0634765625 0.0478515625
1 0.4990234375 0.771484375 0.091796875 0.060546875
1 0.384765625 0.830078125 0.1005859375 0.0615234375
1 0.400390625 0.9013671875 0.076171875 0.068359375
1 0.587890625 0.85546875 0.078125 0.068359375
1 0.7490234375 0.408203125 0.076171875 0.0595703125
1 0.951171875 0.62890625 0.0849609375 0.056640625
1 0.8642578125 0.6826171875 0.078125 0.0625
1 0.7314453125 0.6455078125 0.0751953125 0.068359375
1 0.8154296875 0.4716796875 0.05859375 0.052734375
1 0.6962890625 0.775390625 0.0615234375 0.0595703125
1 0.8623046875 0.78125 0.0693359375 0.0537109375
1 0.837890625 0.88671875 0.1279296875 0.0576171875
1 0.126953125 0.8681640625 0.1025390625 0.0546875
1 0.5126953125 0.2783203125 0.1123046875 0.0595703125