1 0.5458984375 0.2451171875 0.083984375 0.0439453125
1 0.41015625 0.23828125 0.0751953125 0.0498046875
1 0.3291015625 0.2705078125 0.078125 0.046875
1 0.083984375 0.3564453125 0.0859375 0.05859375
1 0.255859375 0.3583984375 0.0625 0.0556640625
1 0.640625 0.3359375 0.0810546875 0.0458984375
1 0.65234375 0.423828125 0.05859375 0.0439453125
1 0.5634765625 0.4287109375 0.046875 0.0517578125
1 0.6474609375 0.4677734375 0.0712890625 0.0390625
1 0.1123046875 0.4482421875 0.0830078125 0.0439453125
1 0.197265625 0.546875 0.056640625 0.0517578125
1 0.0625 0.6328125 0.056640625 0.0498046875
1 0.3232421875 0.5888671875 0.0576171875 0.060546875
1 0.3955078125 0.72265625 0.05078125 0.0615234375
1 0.453125 0.712890625 0.0703125 0.064453125
1 0.2578125 0.59765625 0.0615234375 0.06640625
1 0.28125 0.5166015625 0.0849609375 0.05859375
1 0.3076171875 0.4462890625 0.0625 0.048828125
1 0.7119140625 0.630859375 0.0517578125 0.052734375
1 0.697265625 0.775390625 0.08203125 0.0546875
1 0.57421875 0.822265625 0.0654296875 0.0732421875
1 0.2294921875 0.8369140625 0.09765625 0.0791015625
1 0.67578125 0.537109375 0.076171875 0.0810546875
1 0.916015625 0.55078125 0.0869140625 0.064453125
1 0.7890625 0.6875 0.0625 0.064453125
0 0.49609375 0.2978515625 0.0732421875 0.06640625
0 0.19921875 0.251953125 0.09765625 0.068359375
0 0.3623046875 0.3388671875 0.0673828125 0.052734375
0 0.23828125 0.419921875 0.06640625 0.0400390625
0 0.1328125 0.5 0.0732421875 0.048828125
0 0.1328125 0.5751953125 0.0654296875 0.05078125
0 0.1650390625 0.62890625 0.0908203125 0.0478515625
0 0.1474609375 0.7041015625 0.0869140625 0.0615234375
0 0.255859375 0.6845703125 0.0556640625 0.0458984375
0 0.412109375 0.6513671875 0.060546875 0.0576171875
0 0.384765625 0.4482421875 0.0625 0.0419921875
0 0.4072265625 0.3837890625 0.0615234375 0.052734375
0 0.486328125 0.4345703125 0.0478515625 0.05078125
0 0.4208984375 0.5546875 0.095703125 0.0673828125
0 0.505859375 0.6181640625 0.0810546875 0.056640625
0 0.6162109375 0.6064453125 0.07421875 0.052734375
0 0.5283203125 0.501953125 0.0771484375 0.0517578125
0 0.3310546875 0.8037109375 0.05859375 0.041015625
0 0.4697265625 0.7734375 0.06640625 0.0546875
0 0.7724609375 0.5439453125 0.0712890625 0.044921875
0 0.890625 0.6279296875 0.072265625 0.0498046875
0 0.8642578125 0.4658203125 0.060546875 0.0439453125
0 0.783203125 0.48046875 0.072265625 0.0517578125
0 0.734375 0.3681640625 0.0595703125 0.0498046875
0 0.7861328125 0.4208984375 0.06640625 0.0537109375