0 0.27734375 0.28515625 0.09765625 0.076171875
0 0.1328125 0.392578125 0.1064453125 0.0673828125
0 0.234375 0.4091796875 0.09375 0.0986328125
0 0.3671875 0.310546875 0.0673828125 0.068359375
0 0.423828125 0.3779296875 0.091796875 0.072265625
0 0.505859375 0.2705078125 0.078125 0.0791015625
0 0.6455078125 0.3974609375 0.1005859375 0.091796875
0 0.6572265625 0.498046875 0.0810546875 0.0673828125
0 0.5283203125 0.552734375 0.1142578125 0.05859375
0 0.369140625 0.4658203125 0.09765625 0.07421875
0 0.3740234375 0.5498046875 0.1279296875 0.07421875
0 0.30078125 0.66015625 0.0986328125 0.064453125
0 0.2822265625 0.7509765625 0.091796875 0.0625
0 0.2646484375 0.814453125 0.1083984375 0.0615234375
0 0.1689453125 0.8671875 0.1015625 0.0751953125
0 0.3173828125 0.8818359375 0.0927734375 0.0615234375
0 0.3828125 0.8408203125 0.072265625 0.05078125
0 0.431640625 0.708984375 0.064453125 0.064453125
0 0.5380859375 0.669921875 0.080078125 0.0546875
0 0.654296875 0.7724609375 0.0732421875 0.0703125
0 0.626953125 0.875 0.0595703125 0.0712890625
0 0.744140625 0.8564453125 0.08984375 0.064453125
0 0.89453125 0.498046875 0.083984375 0.0595703125
0 0.783203125 0.56640625 0.1025390625 0.056640625
0 0.6591796875 0.63671875 0.1005859375 0.0693359375
0 0.900390625 0.5908203125 0.083984375 0.0673828125
0 0.8134765625 0.732421875 0.1015625 0.0927734375
0 0.7216796875 0.7060546875 0.0791015625 0.0576171875
1 0.166015625 0.3046875 0.0830078125 0.0712890625
1 0.052734375 0.5888671875 0.09765625 0.0849609375
1 0.1171875 0.67578125 0.0849609375 0.0673828125
1 0.275390625 0.595703125 0.080078125 0.0615234375
1 0.4912109375 0.8271484375 0.1025390625 0.0615234375
1 0.818359375 0.634765625 0.0615234375 0.0712890625
1 0.9404296875 0.673828125 0.1083984375 0.087890625
1 0.9453125 0.7998046875 0.107421875 0.0966796875
1 0.90234375 0.908203125 0.095703125 0.05078125
1 0.86328125 0.412109375 0.109375 0.06640625
1 0.685546875 0.3173828125 0.1142578125 0.0693359375
1 0.576171875 0.21875 0.083984375 0.03515625