0 0.7431640625 0.193359375 0.1396484375 0.1181640625
0 0.908203125 0.32421875 0.1484375 0.1220703125
0 0.2216796875 0.40234375 0.1640625 0.115234375
0 0.59765625 0.4248046875 0.15625 0.1025390625
0 0.39453125 0.51953125 0.1533203125 0.10546875
0 0.564453125 0.5400390625 0.1318359375 0.1103515625
0 0.115234375 0.70703125 0.1806640625 0.1416015625
0 0.76171875 0.4326171875 0.1376953125 0.10546875
1 0.44921875 0.2802734375 0.13671875 0.1142578125
1 0.9140625 0.4365234375 0.1455078125 0.095703125
1 0.501953125 0.6796875 0.1025390625 0.1083984375