0 0.46875 0.1376953125 0.0576171875 0.0537109375
0 0.1689453125 0.21484375 0.0732421875 0.05859375
0 0.1162109375 0.30078125 0.064453125 0.046875
0 0.2412109375 0.294921875 0.06640625 0.0419921875
0 0.345703125 0.2646484375 0.072265625 0.0458984375
0 0.423828125 0.2978515625 0.0634765625 0.0498046875
0 0.658203125 0.2685546875 0.087890625 0.060546875
0 0.49609375 0.34375 0.072265625 0.046875
0 0.3232421875 0.33984375 0.0703125 0.0517578125
0 0.1962890625 0.388671875 0.064453125 0.0517578125
0 0.23046875 0.515625 0.0751953125 0.0498046875
0 0.4140625 0.4716796875 0.076171875 0.0478515625
0 0.4404296875 0.41015625 0.0791015625 0.0458984375
0 0.501953125 0.4853515625 0.0595703125 0.0576171875
0 0.634765625 0.4619140625 0.0771484375 0.0615234375
0 0.6337890625 0.376953125 0.0654296875 0.056640625
0 0.85546875 0.349609375 0.08984375 0.0537109375
0 0.8876953125 0.4013671875 0.0791015625 0.052734375
0 0.9462890625 0.470703125 0.091796875 0.0615234375
0 0.765625 0.4560546875 0.0654296875 0.0517578125
0 0.8017578125 0.533203125 0.072265625 0.05078125
0 0.720703125 0.529296875 0.07421875 0.068359375
0 0.5498046875 0.5615234375 0.0654296875 0.060546875
0 0.44140625 0.6005859375 0.0810546875 0.0537109375
0 0.328125 0.64453125 0.064453125 0.05078125
0 0.16796875 0.6044921875 0.064453125 0.052734375
0 0.1455078125 0.703125 0.0712890625 0.052734375
0 0.1533203125 0.767578125 0.068359375 0.0556640625
0 0.0771484375 0.8271484375 0.080078125 0.05859375
0 0.224609375 0.8359375 0.0751953125 0.0625
0 0.2880859375 0.7900390625 0.05859375 0.0537109375
0 0.5439453125 0.822265625 0.0732421875 0.0654296875
0 0.537109375 0.703125 0.060546875 0.052734375
0 0.62890625 0.638671875 0.0615234375 0.0458984375
0 0.748046875 0.662109375 0.068359375 0.0556640625
0 0.6689453125 0.798828125 0.0712890625 0.0703125
1 0.533203125 0.251953125 0.107421875 0.068359375
1 0.748046875 0.357421875 0.080078125 0.0693359375
1 0.892578125 0.6064453125 0.11328125 0.0673828125
1 0.3857421875 0.77734375 0.08984375 0.06640625