0 0.3857421875 0.2109375 0.0751953125 0.0546875
0 0.7705078125 0.24609375 0.0791015625 0.05859375
0 0.1953125 0.2919921875 0.091796875 0.072265625
0 0.5859375 0.4248046875 0.083984375 0.0615234375
0 0.298828125 0.5166015625 0.095703125 0.0693359375
0 0.060546875 0.6240234375 0.0830078125 0.0625
0 0.154296875 0.76171875 0.08984375 0.0703125
0 0.53515625 0.75390625 0.0849609375 0.06640625
0 0.712890625 0.748046875 0.076171875 0.0576171875
0 0.9560546875 0.556640625 0.0869140625 0.0673828125
1 0.50390625 0.302734375 0.140625 0.123046875
1 0.3232421875 0.4013671875 0.177734375 0.083984375
1 0.0537109375 0.45703125 0.107421875 0.125
1 0.310546875 0.681640625 0.1513671875 0.138671875
1 0.3828125 0.8330078125 0.1376953125 0.142578125
1 0.4716796875 0.537109375 0.103515625 0.1064453125
1 0.634765625 0.599609375 0.1318359375 0.0927734375
1 0.724609375 0.3642578125 0.1064453125 0.103515625
1 0.783203125 0.51953125 0.1044921875 0.1416015625
1 0.6279296875 0.1982421875 0.125 0.0888671875